0.000000e+00 0.000000e+00
0.000000e+00 0.000000e+00
0.000000e+00 0.000000e+00
0.000000e+00 0.000000e+00
1.290894e-01 -0.000000e+00
1.290894e-01 -0.000000e+00
1.290894e-01 -0.000000e+00
1.290894e-01 -0.000000e+00
1.290894e-01 -7.660915e-03
1.290894e-01 -2.412456e-02
1.290894e-01 -4.339980e-02
1.290894e-01 -6.266238e-02
1.290894e-01 -8.070479e-02
1.290894e-01 -9.710094e-02
1.290894e-01 -1.117847e-01
1.290894e-01 -1.248444e-01
1.290894e-01 -1.364263e-01
1.290894e-01 -1.466893e-01
1.290894e-01 -1.557862e-01
1.290894e-01 -1.638558e-01
1.290894e-01 -1.710217e-01
1.290894e-01 -1.773922e-01
1.290894e-01 -1.830619e-01
1.290894e-01 -1.881131e-01
1.290894e-01 -1.926178e-01
1.290894e-01 -1.966386e-01
1.290894e-01 -2.002306e-01
1.290894e-01 -2.034418e-01
1.290894e-01 -2.063145e-01
1.290894e-01 -2.088860e-01
1.290894e-01 -2.111892e-01
1.290894e-01 -2.132530e-01
1.290894e-01 -2.151031e-01
1.290894e-01 -2.167624e-01
1.290894e-01 -2.182511e-01
1.290894e-01 -2.195871e-01
1.290894e-01 -2.207864e-01
1.290894e-01 -2.218634e-01
1.290894e-01 -2.228307e-01
1.290894e-01 -2.236997e-01
1.290894e-01 -2.244805e-01
1.290894e-01 -2.251822e-01
1.290894e-01 -2.258129e-01
1.290894e-01 -2.263798e-01
1.290894e-01 -2.268896e-01
1.290894e-01 -2.273479e-01
1.290894e-01 -2.277601e-01
1.290894e-01 -2.281308e-01
1.290894e-01 -2.284642e-01
-3.951625e-01 -2.287641e-01
-3.951625e-01 -2.290339e-01
-3.951625e-01 -2.292765e-01
-3.951625e-01 -2.294949e-01
-3.951625e-01 -2.108905e-01
-3.951625e-01 -1.673122e-01
-3.951625e-01 -1.096851e-01
-3.951625e-01 -4.383607e-02
-3.951625e-01 2.663620e-02
-3.951625e-01 9.931395e-02
-3.951625e-01 1.724950e-01
-3.951625e-01 2.449494e-01
-3.951625e-01 3.157778e-01
-3.951625e-01 3.843224e-01
-3.951625e-01 4.501090e-01
-3.951625e-01 5.128070e-01
-3.951625e-01 5.722002e-01
-3.951625e-01 6.281651e-01
-3.951625e-01 6.806528e-01
-3.951625e-01 7.296741e-01
-3.951625e-01 7.752877e-01
-3.951625e-01 8.175890e-01
-3.951625e-01 8.567010e-01
-3.951625e-01 8.927671e-01
-3.951625e-01 9.259441e-01
-3.951625e-01 9.563969e-01
-3.951625e-01 9.842947e-01
-3.951625e-01 1.009807e+00
-3.951625e-01 1.033100e+00
-3.951625e-01 1.054338e+00
-3.951625e-01 1.073676e+00
-3.951625e-01 1.091264e+00
-3.951625e-01 1.107244e+00
-3.951625e-01 1.121750e+00
-3.951625e-01 1.134905e+00
-3.951625e-01 1.146828e+00
-3.951625e-01 1.157625e+00
-3.951625e-01 1.167398e+00
-3.951625e-01 1.176238e+00
-3.951625e-01 1.184231e+00
-3.951625e-01 1.191454e+00
-3.951625e-01 1.197980e+00
-3.951625e-01 1.203872e+00
-3.951625e-01 1.209192e+00
-3.951625e-01 1.213992e+00
-3.951625e-01 1.218324e+00
-3.951625e-01 1.222231e+00
-3.951625e-01 1.225755e+00
-3.951625e-01 1.228932e+00
-3.951625e-01 1.231796e+00
5.039537e-01 1.234377e+00
5.039537e-01 1.236704e+00
5.039537e-01 1.238800e+00
5.039537e-01 1.240689e+00
5.039537e-01 1.128055e+00
5.039537e-01 9.021730e-01
5.039537e-01 6.669225e-01
5.039537e-01 4.607293e-01
5.039537e-01 2.913434e-01
5.039537e-01 1.554722e-01
5.039537e-01 4.709216e-02
5.039537e-01 -3.961171e-02
5.039537e-01 -1.094476e-01
5.039537e-01 -1.661693e-01
5.039537e-01 -2.126442e-01
5.039537e-01 -2.510501e-01
5.039537e-01 -2.830452e-01
5.039537e-01 -3.098992e-01
5.039537e-01 -3.325930e-01
5.039537e-01 -3.518906e-01
5.039537e-01 -3.683931e-01
5.039537e-01 -3.825774e-01
5.039537e-01 -3.948252e-01
5.039537e-01 -4.054448e-01
5.039537e-01 -4.146872e-01
5.039537e-01 -4.227578e-01
5.039537e-01 -4.298268e-01
5.039537e-01 -4.360352e-01
5.039537e-01 -4.415013e-01
5.039537e-01 -4.463244e-01
5.039537e-01 -4.505886e-01
5.039537e-01 -4.543654e-01
5.039537e-01 -4.577160e-01
5.039537e-01 -4.606927e-01
5.039537e-01 -4.633407e-01
5.039537e-01 -4.656991e-01
5.039537e-01 -4.678017e-01
5.039537e-01 -4.696781e-01
5.039537e-01 -4.713541e-01
5.039537e-01 -4.728522e-01
5.039537e-01 -4.741923e-01
5.039537e-01 -4.753917e-01
5.039537e-01 -4.764658e-01
5.039537e-01 -4.774282e-01
5.039537e-01 -4.782909e-01
5.039537e-01 -4.790645e-01
5.039537e-01 -4.797586e-01
5.039537e-01 -4.803814e-01
5.039537e-01 -4.809405e-01
5.039537e-01 -4.814425e-01
-4.954265e-02 -4.818934e-01
-4.954265e-02 -4.822984e-01
-4.954265e-02 -4.826624e-01
-4.954265e-02 -4.829894e-01
-4.954265e-02 -4.751625e-01
-4.954265e-02 -4.566227e-01
-4.954265e-02 -4.322006e-01
-4.954265e-02 -4.044646e-01
-4.954265e-02 -3.749757e-01
-4.954265e-02 -3.447583e-01
-4.954265e-02 -3.145145e-01
-4.954265e-02 -2.847368e-01
-4.954265e-02 -2.557743e-01
-4.954265e-02 -2.278743e-01
-4.954265e-02 -2.012079e-01
-4.954265e-02 -1.758886e-01
-4.954265e-02 -1.519848e-01
-4.954265e-02 -1.295293e-01
-4.954265e-02 -1.085268e-01
-4.954265e-02 -8.895973e-02
-4.954265e-02 -7.079330e-02
-4.954265e-02 -5.397980e-02
-4.954265e-02 -3.846191e-02
-4.954265e-02 -2.417573e-02
-4.954265e-02 -1.105316e-02
-4.954265e-02 9.761226e-04
-4.954265e-02 1.198308e-02
-4.954265e-02 2.203806e-02
-4.954265e-02 3.120982e-02
-4.954265e-02 3.956481e-02
-4.954265e-02 4.716665e-02
-4.954265e-02 5.407579e-02
-4.954265e-02 6.034924e-02
-4.954265e-02 6.604053e-02
-4.954265e-02 7.119961e-02
-4.954265e-02 7.587295e-02
-4.954265e-02 8.010359e-02
-4.954265e-02 8.393126e-02
-4.954265e-02 8.739257e-02
-4.954265e-02 9.052112e-02
-4.954265e-02 9.334772e-02
-4.954265e-02 9.590056e-02
-4.954265e-02 9.820536e-02
-4.954265e-02 1.002856e-01
-4.954265e-02 1.021626e-01
-4.954265e-02 1.038559e-01
-4.954265e-02 1.053830e-01
-4.954265e-02 1.067601e-01
-4.954265e-02 1.080016e-01
-4.954265e-02 1.091206e-01
-6.632896e-01 1.101292e-01
-6.632896e-01 1.110381e-01
-6.632896e-01 1.118571e-01
-6.632896e-01 1.125949e-01
-6.632896e-01 1.398511e-01
-6.632896e-01 2.017401e-01
-6.632896e-01 2.819915e-01
-6.632896e-01 3.719508e-01
-6.632896e-01 4.664665e-01
-6.632896e-01 5.622713e-01
-6.632896e-01 6.572181e-01
-6.632896e-01 7.498700e-01
-6.632896e-01 8.392607e-01
-6.632896e-01 9.247485e-01
-6.632896e-01 1.005923e+00
-6.632896e-01 1.082543e+00
-6.632896e-01 1.154497e+00
-6.632896e-01 1.221769e+00
-6.632896e-01 1.284418e+00
-6.632896e-01 1.342560e+00
-6.632896e-01 1.396352e+00
-6.632896e-01 1.445982e+00
-6.632896e-01 1.491658e+00
-6.632896e-01 1.533603e+00
-6.632896e-01 1.572043e+00
-6.632896e-01 1.607207e+00
-6.632896e-01 1.639324e+00
-6.632896e-01 1.668614e+00
-6.632896e-01 1.695292e+00
-6.632896e-01 1.719560e+00
-6.632896e-01 1.741615e+00
-6.632896e-01 1.761637e+00
-6.632896e-01 1.779800e+00
-6.632896e-01 1.796262e+00
-6.632896e-01 1.811173e+00
-6.632896e-01 1.824671e+00
-6.632896e-01 1.836882e+00
-6.632896e-01 1.847923e+00
-6.632896e-01 1.857903e+00
-6.632896e-01 1.866918e+00
-6.632896e-01 1.875061e+00
-6.632896e-01 1.882411e+00
-6.632896e-01 1.889046e+00
-6.632896e-01 1.895032e+00
-6.632896e-01 1.900431e+00
-6.632896e-01 1.905301e+00
-6.632896e-01 1.909693e+00
-6.632896e-01 1.913651e+00
-6.632896e-01 1.917220e+00
-6.632896e-01 1.920436e+00
9.235198e-02 1.923334e+00
9.235198e-02 1.925945e+00
9.235198e-02 1.928298e+00
9.235198e-02 1.930417e+00
9.235198e-02 1.817871e+00
9.235198e-02 1.586093e+00
9.235198e-02 1.335112e+00
9.235198e-02 1.105425e+00
9.235198e-02 9.084385e-01
9.235198e-02 7.438301e-01
9.235198e-02 6.074529e-01
9.235198e-02 4.944999e-01
9.235198e-02 4.006089e-01
9.235198e-02 3.221441e-01
9.235198e-02 2.561782e-01
9.235198e-02 2.003859e-01
9.235198e-02 1.529253e-01
9.235198e-02 1.123340e-01
9.235198e-02 7.744516e-02
9.235198e-02 4.732148e-02
9.235198e-02 2.120502e-02
9.235198e-02 -1.521690e-03
9.235198e-02 -2.136516e-02
9.235198e-02 -3.874375e-02
9.235198e-02 -5.400526e-02
9.235198e-02 -6.744061e-02
9.235198e-02 -7.929455e-02
9.235198e-02 -8.977408e-02
9.235198e-02 -9.905523e-02
9.235198e-02 -1.072883e-01
9.235198e-02 -1.146023e-01
9.235198e-02 -1.211084e-01
9.235198e-02 -1.269026e-01
9.235198e-02 -1.320683e-01
9.235198e-02 -1.366780e-01
9.235198e-02 -1.407952e-01
9.235198e-02 -1.444752e-01
9.235198e-02 -1.477669e-01
9.235198e-02 -1.507131e-01
9.235198e-02 -1.533514e-01
9.235198e-02 -1.557153e-01
9.235198e-02 -1.578343e-01
9.235198e-02 -1.597345e-01
9.235198e-02 -1.614392e-01
9.235198e-02 -1.629689e-01
9.235198e-02 -1.643421e-01
9.235198e-02 -1.655751e-01
9.235198e-02 -1.666825e-01
9.235198e-02 -1.676773e-01
9.235198e-02 -1.685711e-01
1.596823e-01 -1.693743e-01
1.596823e-01 -1.700962e-01
1.596823e-01 -1.707452e-01
1.596823e-01 -1.713286e-01
1.596823e-01 -1.747359e-01
1.596823e-01 -1.814493e-01
1.596823e-01 -1.892688e-01
1.596823e-01 -1.971406e-01
1.596823e-01 -2.045946e-01
1.596823e-01 -2.114485e-01
1.596823e-01 -2.176577e-01
1.596823e-01 -2.232405e-01
1.596823e-01 -2.282415e-01
1.596823e-01 -2.327139e-01
1.596823e-01 -2.367113e-01
1.596823e-01 -2.402841e-01
1.596823e-01 -2.434785e-01
1.596823e-01 -2.463359e-01
1.596823e-01 -2.488930e-01
1.596823e-01 -2.511826e-01
1.596823e-01 -2.532336e-01
1.596823e-01 -2.550718e-01
1.596823e-01 -2.567199e-01
1.596823e-01 -2.581981e-01
1.596823e-01 -2.595244e-01
1.596823e-01 -2.607149e-01
1.596823e-01 -2.617836e-01
1.596823e-01 -2.627433e-01
1.596823e-01 -2.636054e-01
1.596823e-01 -2.643798e-01
1.596823e-01 -2.650757e-01
1.596823e-01 -2.657012e-01
1.596823e-01 -2.662633e-01
1.596823e-01 -2.667687e-01
1.596823e-01 -2.672231e-01
1.596823e-01 -2.676317e-01
1.596823e-01 -2.679991e-01
1.596823e-01 -2.683296e-01
1.596823e-01 -2.686268e-01
1.596823e-01 -2.688942e-01
1.596823e-01 -2.691347e-01
1.596823e-01 -2.693510e-01
1.596823e-01 -2.695457e-01
1.596823e-01 -2.697208e-01
1.596823e-01 -2.698784e-01
1.596823e-01 -2.700201e-01
1.596823e-01 -2.701477e-01
1.596823e-01 -2.702625e-01
1.596823e-01 -2.703658e-01
1.596823e-01 -2.704587e-01
-2.191532e-01 -2.705424e-01
-2.191532e-01 -2.706177e-01
-2.191532e-01 -2.706854e-01
-2.191532e-01 -2.707464e-01
-2.191532e-01 -2.571483e-01
-2.191532e-01 -2.258110e-01
-2.191532e-01 -1.851700e-01
-2.191532e-01 -1.396987e-01
-2.191532e-01 -9.203931e-02
-2.191532e-01 -4.384980e-02
-2.191532e-01 3.794027e-03
-2.191532e-01 5.018250e-02
-2.191532e-01 9.484637e-02
-2.191532e-01 1.374803e-01
-2.191532e-01 1.778943e-01
-2.191532e-01 2.159826e-01
-2.191532e-01 2.517016e-01
-2.191532e-01 2.850547e-01
-2.191532e-01 3.160809e-01
-2.191532e-01 3.448458e-01
-2.191532e-01 3.714345e-01
-2.191532e-01 3.959457e-01
-2.191532e-01 4.184877e-01
-2.191532e-01 4.391741e-01
-2.191532e-01 4.581207e-01
-2.191532e-01 4.754438e-01
-2.191532e-01 4.912576e-01
-2.191532e-01 5.056733e-01
-2.191532e-01 5.187978e-01
-2.191532e-01 5.307332e-01
-2.191532e-01 5.415761e-01
-2.191532e-01 5.514173e-01
-2.191532e-01 5.603419e-01
-2.191532e-01 5.684293e-01
-2.191532e-01 5.757530e-01
-2.191532e-01 5.823812e-01
-2.191532e-01 5.883766e-01
-2.191532e-01 5.937969e-01
-2.191532e-01 5.986952e-01
-2.191532e-01 6.031200e-01
-2.191532e-01 6.071156e-01
-2.191532e-01 6.107224e-01
-2.191532e-01 6.139774e-01
-2.191532e-01 6.169141e-01
-2.191532e-01 6.195630e-01
-2.191532e-01 6.219518e-01
-2.191532e-01 6.241056e-01
-2.191532e-01 6.260472e-01
-2.191532e-01 6.277973e-01
-2.191532e-01 6.293745e-01
6.925291e-01 6.307958e-01
6.925291e-01 6.320763e-01
6.925291e-01 6.332299e-01
6.925291e-01 6.342692e-01
6.925291e-01 5.639091e-01
6.925291e-01 4.216788e-01
6.925291e-01 2.715265e-01
6.925291e-01 1.378997e-01
6.925291e-01 2.643900e-02
6.925291e-01 -6.427545e-02
6.925291e-01 -1.376165e-01
6.925291e-01 -1.970171e-01
6.925291e-01 -2.454003e-01
6.925291e-01 -2.850980e-01
6.925291e-01 -3.179232e-01
6.925291e-01 -3.452740e-01
6.925291e-01 -3.682291e-01
6.925291e-01 -3.876251e-01
6.925291e-01 -4.041153e-01
6.925291e-01 -4.182140e-01
6.925291e-01 -4.303295e-01
6.925291e-01 -4.407889e-01
6.925291e-01 -4.498561e-01
6.925291e-01 -4.577460e-01
6.925291e-01 -4.646346e-01
6.925291e-01 -4.706674e-01
6.925291e-01 -4.759650e-01
6.925291e-01 -4.806287e-01
6.925291e-01 -4.847433e-01
6.925291e-01 -4.883808e-01
6.925291e-01 -4.916023e-01
6.925291e-01 -4.944600e-01
6.925291e-01 -4.969986e-01
6.925291e-01 -4.992568e-01
6.925291e-01 -5.012679e-01
6.925291e-01 -5.030608e-01
6.925291e-01 -5.046607e-01
6.925291e-01 -5.060897e-01
6.925291e-01 -5.073670e-01
6.925291e-01 -5.085094e-01
6.925291e-01 -5.095319e-01
6.925291e-01 -5.104476e-01
6.925291e-01 -5.112681e-01
6.925291e-01 -5.120035e-01
6.925291e-01 -5.126630e-01
6.925291e-01 -5.132546e-01
6.925291e-01 -5.137855e-01
6.925291e-01 -5.142621e-01
6.925291e-01 -5.146900e-01
6.925291e-01 -5.150744e-01
-6.637162e-01 -5.154196e-01
-6.637162e-01 -5.157298e-01
-6.637162e-01 -5.160086e-01
-6.637162e-01 -5.162591e-01
-6.637162e-01 -5.024887e-01
-6.637162e-01 -4.683032e-01
-6.637162e-01 -4.191910e-01
-6.637162e-01 -3.577146e-01
-6.637162e-01 -2.856810e-01
-6.637162e-01 -2.047229e-01
-6.637162e-01 -1.164439e-01
-6.637162e-01 -2.243303e-02
-6.637162e-01 7.575921e-02
-6.637162e-01 1.766530e-01
-6.637162e-01 2.788700e-01
-6.637162e-01 3.811579e-01
-6.637162e-01 4.824084e-01
-6.637162e-01 5.816673e-01
-6.637162e-01 6.781374e-01
-6.637162e-01 7.711753e-01
-6.637162e-01 8.602837e-01
-6.637162e-01 9.450990e-01
-6.637162e-01 1.025378e+00
-6.637162e-01 1.100981e+00
-6.637162e-01 1.171861e+00
-6.637162e-01 1.238041e+00
-6.637162e-01 1.299608e+00
-6.637162e-01 1.356695e+00
-6.637162e-01 1.409470e+00
-6.637162e-01 1.458130e+00
-6.637162e-01 1.502887e+00
-6.637162e-01 1.543966e+00
-6.637162e-01 1.581595e+00
-6.637162e-01 1.616003e+00
-6.637162e-01 1.647418e+00
-6.637162e-01 1.676058e+00
-6.637162e-01 1.702135e+00
-6.637162e-01 1.725852e+00
-6.637162e-01 1.747399e+00
-6.637162e-01 1.766957e+00
-6.637162e-01 1.784694e+00
-6.637162e-01 1.800769e+00
-6.637162e-01 1.815326e+00
-6.637162e-01 1.828502e+00
-6.637162e-01 1.840420e+00
-6.637162e-01 1.851195e+00
-6.637162e-01 1.860933e+00
-6.637162e-01 1.869729e+00
-6.637162e-01 1.877673e+00
-6.637162e-01 1.884844e+00
9.215038e-01 1.891315e+00
9.215038e-01 1.897154e+00
9.215038e-01 1.902421e+00
9.215038e-01 1.907171e+00
9.215038e-01 1.720320e+00
9.215038e-01 1.352684e+00
9.215038e-01 9.831000e-01
9.215038e-01 6.718714e-01
9.215038e-01 4.262623e-01
9.215038e-01 2.366422e-01
9.215038e-01 9.066385e-02
9.215038e-01 -2.238404e-02
9.215038e-01 -1.107891e-01
9.215038e-01 -1.806996e-01
9.215038e-01 -2.366154e-01
9.215038e-01 -2.818292e-01
9.215038e-01 -3.187649e-01
9.215038e-01 -3.492236e-01
9.215038e-01 -3.745581e-01
9.215038e-01 -3.957954e-01
9.215038e-01 -4.137245e-01
9.215038e-01 -4.289575e-01
9.215038e-01 -4.419745e-01
9.215038e-01 -4.531556e-01
9.215038e-01 -4.628048e-01
9.215038e-01 -4.711670e-01
9.215038e-01 -4.784413e-01
9.215038e-01 -4.847909e-01
9.215038e-01 -4.903504e-01
9.215038e-01 -4.952315e-01
9.215038e-01 -4.995276e-01
9.215038e-01 -5.033174e-01
9.215038e-01 -5.066673e-01
9.215038e-01 -5.096337e-01
9.215038e-01 -5.122647e-01
9.215038e-01 -5.146018e-01
9.215038e-01 -5.166804e-01
9.215038e-01 -5.185315e-01
9.215038e-01 -5.201816e-01
9.215038e-01 -5.216541e-01
9.215038e-01 -5.229691e-01
9.215038e-01 -5.241444e-01
9.215038e-01 -5.251956e-01
9.215038e-01 -5.261364e-01
9.215038e-01 -5.269789e-01
9.215038e-01 -5.277338e-01
9.215038e-01 -5.284104e-01
9.215038e-01 -5.290171e-01
9.215038e-01 -5.295614e-01
9.215038e-01 -5.300498e-01
-2.864015e-01 -5.304882e-01
-2.864015e-01 -5.308818e-01
-2.864015e-01 -5.312354e-01
-2.864015e-01 -5.315529e-01
-2.864015e-01 -5.211101e-01
-2.864015e-01 -4.955139e-01
-2.864015e-01 -4.597377e-01
-2.864015e-01 -4.163239e-01
-2.864015e-01 -3.670106e-01
-2.864015e-01 -3.132010e-01
-2.864015e-01 -2.561118e-01
-2.864015e-01 -1.968223e-01
-2.864015e-01 -1.362918e-01
-2.864015e-01 -7.536645e-02
-2.864015e-01 -1.478195e-02
-2.864015e-01 4.483404e-02
-2.864015e-01 1.029583e-01
-2.864015e-01 1.591670e-01
-2.864015e-01 2.131294e-01
-2.864015e-01 2.645995e-01
-2.864015e-01 3.134071e-01
-2.864015e-01 3.594485e-01
-2.864015e-01 4.026771e-01
-2.864015e-01 4.430935e-01
-2.864015e-01 4.807373e-01
-2.864015e-01 5.156793e-01
-2.864015e-01 5.480136e-01
-2.864015e-01 5.778522e-01
-2.864015e-01 6.053192e-01
-2.864015e-01 6.305464e-01
-2.864015e-01 6.536698e-01
-2.864015e-01 6.748265e-01
-2.864015e-01 6.941519e-01
-2.864015e-01 7.117787e-01
-2.864015e-01 7.278349e-01
-2.864015e-01 7.424430e-01
-2.864015e-01 7.557194e-01
-2.864015e-01 7.677737e-01
-2.864015e-01 7.787091e-01
-2.864015e-01 7.886215e-01
-2.864015e-01 7.976004e-01
-2.864015e-01 8.057285e-01
-2.864015e-01 8.130822e-01
-2.864015e-01 8.197319e-01
-2.864015e-01 8.257422e-01
-2.864015e-01 8.311724e-01
-2.864015e-01 8.360765e-01
-2.864015e-01 8.405041e-01
-2.864015e-01 8.445003e-01
-2.864015e-01 8.481060e-01
4.492282e-01 8.513587e-01
4.492282e-01 8.542923e-01
4.492282e-01 8.569375e-01
4.492282e-01 8.593223e-01
4.492282e-01 7.811113e-01
4.492282e-01 6.211185e-01
4.492282e-01 4.510511e-01
4.492282e-01 2.987175e-01
4.492282e-01 1.708712e-01
4.492282e-01 6.622600e-02
4.492282e-01 -1.882118e-02
4.492282e-01 -8.803084e-02
4.492282e-01 -1.446468e-01
4.492282e-01 -1.912802e-01
4.492282e-01 -2.299754e-01
4.492282e-01 -2.623191e-01
4.492282e-01 -2.895418e-01
4.492282e-01 -3.126026e-01
4.492282e-01 -3.322537e-01
4.492282e-01 -3.490897e-01
4.492282e-01 -3.635844e-01
4.492282e-01 -3.761188e-01
4.492282e-01 -3.870013e-01
4.492282e-01 -3.964836e-01
4.492282e-01 -4.047727e-01
4.492282e-01 -4.120399e-01
4.492282e-01 -4.184279e-01
4.492282e-01 -4.240565e-01
4.492282e-01 -4.290264e-01
4.492282e-01 -4.334232e-01
4.492282e-01 -4.373196e-01
4.492282e-01 -4.407780e-01
4.492282e-01 -4.438520e-01
4.492282e-01 -4.465876e-01
4.492282e-01 -4.490250e-01
4.492282e-01 -4.511987e-01
4.492282e-01 -4.531392e-01
4.492282e-01 -4.548728e-01
4.492282e-01 -4.564229e-01
4.492282e-01 -4.578097e-01
4.492282e-01 -4.590511e-01
4.492282e-01 -4.601631e-01
4.492282e-01 -4.611596e-01
4.492282e-01 -4.620530e-01
4.492282e-01 -4.628543e-01
4.492282e-01 -4.635732e-01
4.492282e-01 -4.642185e-01
4.492282e-01 -4.647977e-01
4.492282e-01 -4.653179e-01
4.492282e-01 -4.657851e-01
1.783553e-01 -4.662048e-01
1.783553e-01 -4.665820e-01
1.783553e-01 -4.669210e-01
1.783553e-01 -4.672256e-01
1.783553e-01 -4.638381e-01
1.783553e-01 -4.558870e-01
1.783553e-01 -4.458917e-01
1.783553e-01 -4.351453e-01
1.783553e-01 -4.243354e-01
1.783553e-01 -4.138291e-01
1.783553e-01 -4.038182e-01
1.783553e-01 -3.943958e-01
1.783553e-01 -3.855993e-01
1.783553e-01 -3.774341e-01
1.783553e-01 -3.698870e-01
1.783553e-01 -3.629344e-01
1.783553e-01 -3.565469e-01
1.783553e-01 -3.506917e-01
1.783553e-01 -3.453350e-01
1.783553e-01 -3.404426e-01
1.783553e-01 -3.359810e-01
1.783553e-01 -3.319177e-01
1.783553e-01 -3.282215e-01
1.783553e-01 -3.248628e-01
1.783553e-01 -3.218137e-01
1.783553e-01 -3.190480e-01
1.783553e-01 -3.165414e-01
1.783553e-01 -3.142711e-01
1.783553e-01 -3.122161e-01
1.783553e-01 -3.103571e-01
1.783553e-01 -3.086762e-01
1.783553e-01 -3.071570e-01
1.783553e-01 -3.057846e-01
1.783553e-01 -3.045452e-01
1.783553e-01 -3.034263e-01
1.783553e-01 -3.024165e-01
1.783553e-01 -3.015054e-01
1.783553e-01 -3.006835e-01
1.783553e-01 -2.999423e-01
1.783553e-01 -2.992739e-01
1.783553e-01 -2.986714e-01
1.783553e-01 -2.981283e-01
1.783553e-01 -2.976389e-01
1.783553e-01 -2.971978e-01
1.783553e-01 -2.968004e-01
1.783553e-01 -2.964423e-01
1.783553e-01 -2.961198e-01
1.783553e-01 -2.958293e-01
1.783553e-01 -2.955676e-01
1.783553e-01 -2.953319e-01
-3.828572e-01 -2.951196e-01
-3.828572e-01 -2.949285e-01
-3.828572e-01 -2.947564e-01
-3.828572e-01 -2.946014e-01
-3.828572e-01 -2.768588e-01
-3.828572e-01 -2.355082e-01
-3.828572e-01 -1.804613e-01
-3.828572e-01 -1.170141e-01
-3.828572e-01 -4.850258e-02
-3.828572e-01 2.276358e-02
-3.828572e-01 9.510170e-02
-3.828572e-01 1.672516e-01
-3.828572e-01 2.382574e-01
-3.828572e-01 3.073929e-01
-3.828572e-01 3.741123e-01
-3.828572e-01 4.380154e-01
-3.828572e-01 4.988214e-01
-3.828572e-01 5.563487e-01
-3.828572e-01 6.104977e-01
-3.828572e-01 6.612360e-01
-3.828572e-01 7.085862e-01
-3.828572e-01 7.526143e-01
-3.828572e-01 7.934201e-01
-3.828572e-01 8.311288e-01
-3.828572e-01 8.658837e-01
-3.828572e-01 8.978405e-01
-3.828572e-01 9.271619e-01
-3.828572e-01 9.540136e-01
-3.828572e-01 9.785613e-01
-3.828572e-01 1.000968e+00
-3.828572e-01 1.021391e+00
-3.828572e-01 1.039984e+00
-3.828572e-01 1.056891e+00
-3.828572e-01 1.072248e+00
-3.828572e-01 1.086187e+00
-3.828572e-01 1.098826e+00
-3.828572e-01 1.110279e+00
-3.828572e-01 1.120650e+00
-3.828572e-01 1.130036e+00
-3.828572e-01 1.138525e+00
-3.828572e-01 1.146200e+00
-3.828572e-01 1.153136e+00
-3.828572e-01 1.159400e+00
-3.828572e-01 1.165057e+00
-3.828572e-01 1.170164e+00
-3.828572e-01 1.174772e+00
-3.828572e-01 1.178930e+00
-3.828572e-01 1.182680e+00
-3.828572e-01 1.186062e+00
-3.828572e-01 1.189111e+00
-6.812959e-01 1.191859e+00
-6.812959e-01 1.194337e+00
-6.812959e-01 1.196570e+00
-6.812959e-01 1.198582e+00
-6.812959e-01 1.217954e+00
-6.812959e-01 1.258607e+00
-6.812959e-01 1.308101e+00
-6.812959e-01 1.360137e+00
-6.812959e-01 1.411505e+00
-6.812959e-01 1.460612e+00
-6.812959e-01 1.506720e+00
-6.812959e-01 1.549550e+00
-6.812959e-01 1.589065e+00
-6.812959e-01 1.625359e+00
-6.812959e-01 1.658588e+00
-6.812959e-01 1.688938e+00
-6.812959e-01 1.716609e+00
-6.812959e-01 1.741799e+00
-6.812959e-01 1.764702e+00
-6.812959e-01 1.785502e+00
-6.812959e-01 1.804376e+00
-6.812959e-01 1.821487e+00
-6.812959e-01 1.836989e+00
-6.812959e-01 1.851024e+00
-6.812959e-01 1.863724e+00
-6.812959e-01 1.875208e+00
-6.812959e-01 1.885589e+00
-6.812959e-01 1.894969e+00
-6.812959e-01 1.903440e+00
-6.812959e-01 1.911089e+00
-6.812959e-01 1.917993e+00
-6.812959e-01 1.924223e+00
-6.812959e-01 1.929843e+00
-6.812959e-01 1.934912e+00
-6.812959e-01 1.939482e+00
-6.812959e-01 1.943603e+00
-6.812959e-01 1.947318e+00
-6.812959e-01 1.950666e+00
-6.812959e-01 1.953683e+00
-6.812959e-01 1.956401e+00
-6.812959e-01 1.958851e+00
-6.812959e-01 1.961057e+00
-6.812959e-01 1.963045e+00
-6.812959e-01 1.964835e+00
-6.812959e-01 1.966448e+00
-6.812959e-01 1.967900e+00
-6.812959e-01 1.969208e+00
-6.812959e-01 1.970385e+00
-6.812959e-01 1.971446e+00
-6.812959e-01 1.972401e+00
-5.396511e-01 1.973260e+00
-5.396511e-01 1.974035e+00
-5.396511e-01 1.974732e+00
-5.396511e-01 1.975359e+00
-5.396511e-01 1.967293e+00
-5.396511e-01 1.949017e+00
-5.396511e-01 1.927061e+00
-5.396511e-01 1.904598e+00
-5.396511e-01 1.883090e+00
-5.396511e-01 1.863142e+00
-5.396511e-01 1.844941e+00
-5.396511e-01 1.828477e+00
-5.396511e-01 1.813650e+00
-5.396511e-01 1.800329e+00
-5.396511e-01 1.788374e+00
-5.396511e-01 1.777649e+00
-5.396511e-01 1.768028e+00
-5.396511e-01 1.759397e+00
-5.396511e-01 1.751653e+00
-5.396511e-01 1.744702e+00
-5.396511e-01 1.738462e+00
-5.396511e-01 1.732859e+00
-5.396511e-01 1.727826e+00
-5.396511e-01 1.723306e+00
-5.396511e-01 1.719244e+00
-5.396511e-01 1.715593e+00
-5.396511e-01 1.712312e+00
-5.396511e-01 1.709363e+00
-5.396511e-01 1.706711e+00
-5.396511e-01 1.704327e+00
-5.396511e-01 1.702183e+00
-5.396511e-01 1.700255e+00
-5.396511e-01 1.698521e+00
-5.396511e-01 1.696961e+00
-5.396511e-01 1.695558e+00
-5.396511e-01 1.694296e+00
-5.396511e-01 1.693160e+00
-5.396511e-01 1.692139e+00
-5.396511e-01 1.691220e+00
-5.396511e-01 1.690393e+00
-5.396511e-01 1.689648e+00
-5.396511e-01 1.688979e+00
-5.396511e-01 1.688376e+00
-5.396511e-01 1.687834e+00
-5.396511e-01 1.687346e+00
-5.396511e-01 1.686907e+00
-5.396511e-01 1.686512e+00
-5.396511e-01 1.686156e+00
-5.396511e-01 1.685836e+00
-5.396511e-01 1.685548e+00
8.331534e-02 1.685289e+00
8.331534e-02 1.685056e+00
8.331534e-02 1.684846e+00
8.331534e-02 1.684657e+00
8.331534e-02 1.589193e+00
8.331534e-02 1.393714e+00
8.331534e-02 1.180711e+00
8.331534e-02 9.841220e-01
8.331534e-02 8.140171e-01
8.331534e-02 6.706429e-01
8.331534e-02 5.508968e-01
8.331534e-02 4.509803e-01
8.331534e-02 3.673629e-01
8.331534e-02 2.970545e-01
8.331534e-02 2.376179e-01
8.331534e-02 1.870963e-01
8.331534e-02 1.439256e-01
8.331534e-02 1.068533e-01
8.331534e-02 7.487264e-02
8.331534e-02 4.716911e-02
8.331534e-02 2.307972e-02
8.331534e-02 2.061134e-03
8.331534e-02 -1.633494e-02
8.331534e-02 -3.248070e-02
8.331534e-02 -4.668711e-02
8.331534e-02 -5.921547e-02
8.331534e-02 -7.028657e-02
8.331534e-02 -8.008789e-02
8.331534e-02 -8.877944e-02
8.331534e-02 -9.649837e-02
8.331534e-02 -1.033627e-01
8.331534e-02 -1.094744e-01
8.331534e-02 -1.149219e-01
8.331534e-02 -1.197822e-01
8.331534e-02 -1.241224e-01
8.331534e-02 -1.280011e-01
8.331534e-02 -1.314700e-01
8.331534e-02 -1.345743e-01
8.331534e-02 -1.373540e-01
8.331534e-02 -1.398443e-01
8.331534e-02 -1.420763e-01
8.331534e-02 -1.440777e-01
8.331534e-02 -1.458730e-01
8.331534e-02 -1.474840e-01
8.331534e-02 -1.489300e-01
8.331534e-02 -1.502283e-01
8.331534e-02 -1.513943e-01
8.331534e-02 -1.524417e-01
8.331534e-02 -1.533827e-01
8.331534e-02 -1.542283e-01
2.808787e-01 -1.549883e-01
2.808787e-01 -1.556715e-01
2.808787e-01 -1.562857e-01
2.808787e-01 -1.568379e-01
2.808787e-01 -1.652992e-01
2.808787e-01 -1.827392e-01
2.808787e-01 -2.028306e-01
2.808787e-01 -2.226468e-01
2.808787e-01 -2.409904e-01
2.808787e-01 -2.574832e-01
2.808787e-01 -2.721113e-01
2.808787e-01 -2.850086e-01
2.808787e-01 -2.963568e-01
2.808787e-01 -3.063418e-01
2.808787e-01 -3.151359e-01
2.808787e-01 -3.228924e-01
2.808787e-01 -3.297448e-01
2.808787e-01 -3.358083e-01
2.808787e-01 -3.411823e-01
2.808787e-01 -3.459521e-01
2.808787e-01 -3.501913e-01
2.808787e-01 -3.539638e-01
2.808787e-01 -3.573246e-01
2.808787e-01 -3.603218e-01
2.808787e-01 -3.629971e-01
2.808787e-01 -3.653871e-01
2.808787e-01 -3.675239e-01
2.808787e-01 -3.694354e-01
2.808787e-01 -3.711466e-01
2.808787e-01 -3.726793e-01
2.808787e-01 -3.740527e-01
2.808787e-01 -3.752840e-01
2.808787e-01 -3.763882e-01
2.808787e-01 -3.773790e-01
2.808787e-01 -3.782681e-01
2.808787e-01 -3.790663e-01
2.808787e-01 -3.797831e-01
2.808787e-01 -3.804269e-01
2.808787e-01 -3.810053e-01
2.808787e-01 -3.815250e-01
2.808787e-01 -3.819920e-01
2.808787e-01 -3.824118e-01
2.808787e-01 -3.827892e-01
2.808787e-01 -3.831285e-01
2.808787e-01 -3.834335e-01
2.808787e-01 -3.837079e-01
2.808787e-01 -3.839546e-01
2.808787e-01 -3.841765e-01
2.808787e-01 -3.843762e-01
2.808787e-01 -3.845557e-01
7.287802e-01 -3.847172e-01
7.287802e-01 -3.848626e-01
7.287802e-01 -3.849933e-01
7.287802e-01 -3.851110e-01
7.287802e-01 -3.900810e-01
7.287802e-01 -4.005493e-01
7.287802e-01 -4.126412e-01
7.287802e-01 -4.245657e-01
7.287802e-01 -4.355933e-01
7.287802e-01 -4.454957e-01
7.287802e-01 -4.542669e-01
7.287802e-01 -4.619904e-01
7.287802e-01 -4.687780e-01
7.287802e-01 -4.747436e-01
7.287802e-01 -4.799923e-01
7.287802e-01 -4.846175e-01
7.287802e-01 -4.887001e-01
7.287802e-01 -4.923100e-01
7.287802e-01 -4.955072e-01
7.287802e-01 -4.983432e-01
7.287802e-01 -5.008623e-01
7.287802e-01 -5.031030e-01
7.287802e-01 -5.050983e-01
7.287802e-01 -5.068769e-01
7.287802e-01 -5.084640e-01
7.287802e-01 -5.098813e-01
7.287802e-01 -5.111481e-01
7.287802e-01 -5.122811e-01
7.287802e-01 -5.132951e-01
7.287802e-01 -5.142031e-01
7.287802e-01 -5.150166e-01
7.287802e-01 -5.157458e-01
7.287802e-01 -5.163996e-01
7.287802e-01 -5.169862e-01
7.287802e-01 -5.175125e-01
7.287802e-01 -5.179850e-01
7.287802e-01 -5.184092e-01
7.287802e-01 -5.187902e-01
7.287802e-01 -5.191324e-01
7.287802e-01 -5.194399e-01
7.287802e-01 -5.197162e-01
7.287802e-01 -5.199646e-01
7.287802e-01 -5.201878e-01
7.287802e-01 -5.203885e-01
7.287802e-01 -5.205690e-01
7.287802e-01 -5.207313e-01
7.287802e-01 -5.208772e-01
7.287802e-01 -5.210085e-01
7.287802e-01 -5.211265e-01
7.287802e-01 -5.212327e-01
6.082207e-01 -5.213282e-01
6.082207e-01 -5.214142e-01
6.082207e-01 -5.214915e-01
6.082207e-01 -5.215611e-01
6.082207e-01 -5.212287e-01
6.082207e-01 -5.204186e-01
6.082207e-01 -5.194225e-01
6.082207e-01 -5.183851e-01
6.082207e-01 -5.173758e-01
6.082207e-01 -5.164263e-01
6.082207e-01 -5.155488e-01
6.082207e-01 -5.147456e-01
6.082207e-01 -5.140147e-01
6.082207e-01 -5.133519e-01
6.082207e-01 -5.127519e-01
6.082207e-01 -5.122095e-01
6.082207e-01 -5.117196e-01
6.082207e-01 -5.112774e-01
6.082207e-01 -5.108784e-01
6.082207e-01 -5.105185e-01
6.082207e-01 -5.101939e-01
6.082207e-01 -5.099013e-01
6.082207e-01 -5.096375e-01
6.082207e-01 -5.093998e-01
6.082207e-01 -5.091855e-01
6.082207e-01 -5.089925e-01
6.082207e-01 -5.088185e-01
6.082207e-01 -5.086618e-01
6.082207e-01 -5.085207e-01
6.082207e-01 -5.083936e-01
6.082207e-01 -5.082791e-01
6.082207e-01 -5.081760e-01
6.082207e-01 -5.080831e-01
6.082207e-01 -5.079995e-01
6.082207e-01 -5.079242e-01
6.082207e-01 -5.078564e-01
6.082207e-01 -5.077953e-01
6.082207e-01 -5.077404e-01
6.082207e-01 -5.076909e-01
6.082207e-01 -5.076463e-01
6.082207e-01 -5.076062e-01
6.082207e-01 -5.075701e-01
6.082207e-01 -5.075376e-01
6.082207e-01 -5.075083e-01
6.082207e-01 -5.074820e-01
6.082207e-01 -5.074583e-01
6.082207e-01 -5.074369e-01
6.082207e-01 -5.074177e-01
6.082207e-01 -5.074004e-01
6.082207e-01 -5.073848e-01
3.647726e-01 -5.073708e-01
3.647726e-01 -5.073582e-01
3.647726e-01 -5.073468e-01
3.647726e-01 -5.073366e-01
3.647726e-01 -5.056576e-01
3.647726e-01 -5.019467e-01
3.647726e-01 -4.973941e-01
3.647726e-01 -4.926007e-01
3.647726e-01 -4.878708e-01
3.647726e-01 -4.833542e-01
3.647726e-01 -4.791191e-01
3.647726e-01 -4.751908e-01
3.647726e-01 -4.715713e-01
3.647726e-01 -4.682513e-01
3.647726e-01 -4.652152e-01
3.647726e-01 -4.624451e-01
3.647726e-01 -4.599221e-01
3.647726e-01 -4.576274e-01
3.647726e-01 -4.555427e-01
3.647726e-01 -4.536508e-01
3.647726e-01 -4.519352e-01
3.647726e-01 -4.503807e-01
3.647726e-01 -4.489732e-01
3.647726e-01 -4.476995e-01
3.647726e-01 -4.465476e-01
3.647726e-01 -4.455062e-01
3.647726e-01 -4.445652e-01
3.647726e-01 -4.437153e-01
3.647726e-01 -4.429478e-01
3.647726e-01 -4.422551e-01
3.647726e-01 -4.416299e-01
3.647726e-01 -4.410660e-01
3.647726e-01 -4.405573e-01
3.647726e-01 -4.400986e-01
3.647726e-01 -4.396850e-01
3.647726e-01 -4.393122e-01
3.647726e-01 -4.389762e-01
3.647726e-01 -4.386734e-01
3.647726e-01 -4.384005e-01
3.647726e-01 -4.381547e-01
3.647726e-01 -4.379332e-01
3.647726e-01 -4.377337e-01
3.647726e-01 -4.375540e-01
3.647726e-01 -4.373921e-01
3.647726e-01 -4.372464e-01
3.647726e-01 -4.371151e-01
3.647726e-01 -4.369969e-01
3.647726e-01 -4.368904e-01
3.647726e-01 -4.367946e-01
3.647726e-01 -4.367082e-01
7.326627e-01 -4.366305e-01
7.326627e-01 -4.365606e-01
7.326627e-01 -4.364976e-01
7.326627e-01 -4.364409e-01
7.326627e-01 -4.392467e-01
7.326627e-01 -4.453428e-01
7.326627e-01 -4.524962e-01
7.326627e-01 -4.596531e-01
7.326627e-01 -4.663615e-01
7.326627e-01 -4.724613e-01
7.326627e-01 -4.779264e-01
7.326627e-01 -4.827890e-01
7.326627e-01 -4.871027e-01
7.326627e-01 -4.909263e-01
7.326627e-01 -4.943163e-01
7.326627e-01 -4.973241e-01
7.326627e-01 -4.999957e-01
7.326627e-01 -5.023711e-01
7.326627e-01 -5.044855e-01
7.326627e-01 -5.063696e-01
7.326627e-01 -5.080500e-01
7.326627e-01 -5.095501e-01
7.326627e-01 -5.108904e-01
7.326627e-01 -5.120886e-01
7.326627e-01 -5.131607e-01
7.326627e-01 -5.141205e-01
7.326627e-01 -5.149801e-01
7.326627e-01 -5.157504e-01
7.326627e-01 -5.164411e-01
7.326627e-01 -5.170605e-01
7.326627e-01 -5.176163e-01
7.326627e-01 -5.181150e-01
7.326627e-01 -5.185628e-01
7.326627e-01 -5.189649e-01
7.326627e-01 -5.193261e-01
7.326627e-01 -5.196505e-01
7.326627e-01 -5.199421e-01
7.326627e-01 -5.202041e-01
7.326627e-01 -5.204396e-01
7.326627e-01 -5.206513e-01
7.326627e-01 -5.208417e-01
7.326627e-01 -5.210129e-01
7.326627e-01 -5.211668e-01
7.326627e-01 -5.213052e-01
7.326627e-01 -5.214297e-01
7.326627e-01 -5.215417e-01
7.326627e-01 -5.216424e-01
7.326627e-01 -5.217331e-01
7.326627e-01 -5.218146e-01
7.326627e-01 -5.218880e-01
-1.388152e-01 -5.219540e-01
-1.388152e-01 -5.220134e-01
-1.388152e-01 -5.220668e-01
-1.388152e-01 -5.221149e-01
-1.388152e-01 -5.131506e-01
-1.388152e-01 -4.918747e-01
-1.388152e-01 -4.630500e-01
-1.388152e-01 -4.292057e-01
-1.388152e-01 -3.919889e-01
-1.388152e-01 -3.526044e-01
-1.388152e-01 -3.119871e-01
-1.388152e-01 -2.708828e-01
-1.388152e-01 -2.298935e-01
-1.388152e-01 -1.895051e-01
-1.388152e-01 -1.501064e-01
-1.388152e-01 -1.120028e-01
-1.388152e-01 -7.542758e-02
-1.388152e-01 -4.055101e-02
-1.388152e-01 -7.489060e-03
-1.388152e-01 2.368882e-02
-1.388152e-01 5.295241e-02
-1.388152e-01 8.030394e-02
-1.388152e-01 1.057720e-01
-1.388152e-01 1.294059e-01
-1.388152e-01 1.512708e-01
-1.388152e-01 1.714438e-01
-1.388152e-01 1.900098e-01
-1.388152e-01 2.070589e-01
-1.388152e-01 2.226837e-01
-1.388152e-01 2.369775e-01
-1.388152e-01 2.500324e-01
-1.388152e-01 2.619385e-01
-1.388152e-01 2.727826e-01
-1.388152e-01 2.826477e-01
-1.388152e-01 2.916127e-01
-1.388152e-01 2.997519e-01
-1.388152e-01 3.071351e-01
-1.388152e-01 3.138272e-01
-1.388152e-01 3.198887e-01
-1.388152e-01 3.253756e-01
-1.388152e-01 3.303395e-01
-1.388152e-01 3.348280e-01
-1.388152e-01 3.388848e-01
-1.388152e-01 3.425499e-01
-1.388152e-01 3.458598e-01
-1.388152e-01 3.488480e-01
-1.388152e-01 3.515450e-01
-1.388152e-01 3.539784e-01
-1.388152e-01 3.561736e-01
-1.388152e-01 3.581533e-01
9.333637e-01 3.599384e-01
9.333637e-01 3.615477e-01
9.333637e-01 3.629984e-01
9.333637e-01 3.643058e-01
9.333637e-01 3.121236e-01
9.333637e-01 2.054538e-01
9.333637e-01 9.175056e-02
9.333637e-01 -1.045328e-02
9.333637e-01 -9.653803e-02
9.333637e-01 -1.672456e-01
9.333637e-01 -2.248975e-01
9.333637e-01 -2.719533e-01
9.333637e-01 -3.105510e-01
9.333637e-01 -3.424213e-01
9.333637e-01 -3.689251e-01
9.333637e-01 -3.911228e-01
9.333637e-01 -4.098397e-01
9.333637e-01 -4.257208e-01
9.333637e-01 -4.392735e-01
9.333637e-01 -4.509000e-01
9.333637e-01 -4.609216e-01
9.333637e-01 -4.695971e-01
9.333637e-01 -4.771364e-01
9.333637e-01 -4.837114e-01
9.333637e-01 -4.894634e-01
9.333637e-01 -4.945099e-01
9.333637e-01 -4.989487e-01
9.333637e-01 -5.028619e-01
9.333637e-01 -5.063190e-01
9.333637e-01 -5.093788e-01
9.333637e-01 -5.120915e-01
9.333637e-01 -5.145002e-01
9.333637e-01 -5.166419e-01
9.333637e-01 -5.185484e-01
9.333637e-01 -5.202474e-01
9.333637e-01 -5.217631e-01
9.333637e-01 -5.231164e-01
9.333637e-01 -5.243258e-01
9.333637e-01 -5.254072e-01
9.333637e-01 -5.263749e-01
9.333637e-01 -5.272413e-01
9.333637e-01 -5.280175e-01
9.333637e-01 -5.287131e-01
9.333637e-01 -5.293368e-01
9.333637e-01 -5.298963e-01
9.333637e-01 -5.303983e-01
9.333637e-01 -5.308489e-01
9.333637e-01 -5.312534e-01
9.333637e-01 -5.316167e-01
9.333637e-01 -5.319430e-01
-9.563211e-01 -5.322362e-01
-9.563211e-01 -5.324997e-01
-9.563211e-01 -5.327364e-01
-9.563211e-01 -5.329493e-01
-9.563211e-01 -5.193665e-01
-9.563211e-01 -4.853713e-01
-9.563211e-01 -4.358470e-01
-9.563211e-01 -3.728852e-01
-9.563211e-01 -2.979609e-01
-9.563211e-01 -2.125076e-01
-9.563211e-01 -1.180490e-01
-9.563211e-01 -1.619555e-02
-9.563211e-01 9.139990e-02
-9.563211e-01 2.030948e-01
-9.563211e-01 3.173068e-01
-9.563211e-01 4.325562e-01
-9.563211e-01 5.474981e-01
-9.563211e-01 6.609452e-01
-9.563211e-01 7.718796e-01
-9.563211e-01 8.794568e-01
-9.563211e-01 9.830012e-01
-9.563211e-01 1.081997e+00
-9.563211e-01 1.176074e+00
-9.563211e-01 1.264992e+00
-9.563211e-01 1.348626e+00
-9.563211e-01 1.426943e+00
-9.563211e-01 1.499994e+00
-9.563211e-01 1.567888e+00
-9.563211e-01 1.630790e+00
-9.563211e-01 1.688897e+00
-9.563211e-01 1.742436e+00
-9.563211e-01 1.791652e+00
-9.563211e-01 1.836798e+00
-9.563211e-01 1.878132e+00
-9.563211e-01 1.915913e+00
-9.563211e-01 1.950392e+00
-9.563211e-01 1.981814e+00
-9.563211e-01 2.010416e+00
-9.563211e-01 2.036420e+00
-9.563211e-01 2.060040e+00
-9.563211e-01 2.081474e+00
-9.563211e-01 2.100909e+00
-9.563211e-01 2.118518e+00
-9.563211e-01 2.134463e+00
-9.563211e-01 2.148892e+00
-9.563211e-01 2.161942e+00
-9.563211e-01 2.173739e+00
-9.563211e-01 2.184399e+00
-9.563211e-01 2.194028e+00
-9.563211e-01 2.202722e+00
-8.891931e-01 2.210570e+00
-8.891931e-01 2.217652e+00
-8.891931e-01 2.224041e+00
-8.891931e-01 2.229804e+00
-8.891931e-01 2.233686e+00
-8.891931e-01 2.235491e+00
-8.891931e-01 2.236246e+00
-8.891931e-01 2.236480e+00
-8.891931e-01 2.236462e+00
-8.891931e-01 2.236327e+00
-8.891931e-01 2.236146e+00
-8.891931e-01 2.235952e+00
-8.891931e-01 2.235761e+00
-8.891931e-01 2.235581e+00
-8.891931e-01 2.235415e+00
-8.891931e-01 2.235263e+00
-8.891931e-01 2.235126e+00
-8.891931e-01 2.235001e+00
-8.891931e-01 2.234889e+00
-8.891931e-01 2.234788e+00
-8.891931e-01 2.234696e+00
-8.891931e-01 2.234614e+00
-8.891931e-01 2.234540e+00
-8.891931e-01 2.234474e+00
-8.891931e-01 2.234414e+00
-8.891931e-01 2.234360e+00
-8.891931e-01 2.234312e+00
-8.891931e-01 2.234268e+00
-8.891931e-01 2.234229e+00
-8.891931e-01 2.234193e+00
-8.891931e-01 2.234161e+00
-8.891931e-01 2.234133e+00
-8.891931e-01 2.234107e+00
-8.891931e-01 2.234084e+00
-8.891931e-01 2.234063e+00
-8.891931e-01 2.234044e+00
-8.891931e-01 2.234027e+00
-8.891931e-01 2.234012e+00
-8.891931e-01 2.233998e+00
-8.891931e-01 2.233986e+00
-8.891931e-01 2.233975e+00
-8.891931e-01 2.233965e+00
-8.891931e-01 2.233956e+00
-8.891931e-01 2.233948e+00
-8.891931e-01 2.233940e+00
-8.891931e-01 2.233934e+00
-8.891931e-01 2.233928e+00
-8.891931e-01 2.233922e+00
-8.891931e-01 2.233918e+00
-8.891931e-01 2.233913e+00
-6.688678e-01 2.233909e+00
-6.688678e-01 2.233906e+00
-6.688678e-01 2.233903e+00
-6.688678e-01 2.233900e+00
-6.688678e-01 2.226012e+00
-6.688678e-01 2.208838e+00
-6.688678e-01 2.188326e+00
-6.688678e-01 2.167367e+00
-6.688678e-01 2.147298e+00
-6.688678e-01 2.128673e+00
-6.688678e-01 2.111666e+00
-6.688678e-01 2.096268e+00
-6.688678e-01 2.082390e+00
-6.688678e-01 2.069912e+00
-6.688678e-01 2.058704e+00
-6.688678e-01 2.048642e+00
-6.688678e-01 2.039611e+00
-6.688678e-01 2.031505e+00
-6.688678e-01 2.024227e+00
-6.688678e-01 2.017692e+00
-6.688678e-01 2.011823e+00
-6.688678e-01 2.006552e+00
-6.688678e-01 2.001815e+00
-6.688678e-01 1.997559e+00
-6.688678e-01 1.993733e+00
-6.688678e-01 1.990295e+00
-6.688678e-01 1.987204e+00
-6.688678e-01 1.984424e+00
-6.688678e-01 1.981925e+00
-6.688678e-01 1.979677e+00
-6.688678e-01 1.977656e+00
-6.688678e-01 1.975838e+00
-6.688678e-01 1.974203e+00
-6.688678e-01 1.972731e+00
-6.688678e-01 1.971408e+00
-6.688678e-01 1.970217e+00
-6.688678e-01 1.969146e+00
-6.688678e-01 1.968182e+00
-6.688678e-01 1.967315e+00
-6.688678e-01 1.966534e+00
-6.688678e-01 1.965832e+00
-6.688678e-01 1.965200e+00
-6.688678e-01 1.964632e+00
-6.688678e-01 1.964120e+00
-6.688678e-01 1.963660e+00
-6.688678e-01 1.963245e+00
-6.688678e-01 1.962872e+00
-6.688678e-01 1.962536e+00
-6.688678e-01 1.962234e+00
-6.688678e-01 1.961962e+00
3.385059e-01 1.961718e+00
3.385059e-01 1.961498e+00
3.385059e-01 1.961299e+00
3.385059e-01 1.961121e+00
3.385059e-01 1.801146e+00
3.385059e-01 1.484167e+00
3.385059e-01 1.155836e+00
3.385059e-01 8.694103e-01
3.385059e-01 6.351261e-01
3.385059e-01 4.479366e-01
3.385059e-01 2.991557e-01
3.385059e-01 1.805165e-01
3.385059e-01 8.523736e-02
3.385059e-01 8.054203e-03
3.385059e-01 -5.503569e-02
3.385059e-01 -1.070606e-01
3.385059e-01 -1.503180e-01
3.385059e-01 -1.865619e-01
3.385059e-01 -2.171431e-01
3.385059e-01 -2.431115e-01
3.385059e-01 -2.652904e-01
3.385059e-01 -2.843321e-01
3.385059e-01 -3.007573e-01
3.385059e-01 -3.149859e-01
3.385059e-01 -3.273589e-01
3.385059e-01 -3.381554e-01
3.385059e-01 -3.476054e-01
3.385059e-01 -3.559001e-01
3.385059e-01 -3.631990e-01
3.385059e-01 -3.696361e-01
3.385059e-01 -3.753248e-01
3.385059e-01 -3.803614e-01
3.385059e-01 -3.848279e-01
3.385059e-01 -3.887947e-01
3.385059e-01 -3.923225e-01
3.385059e-01 -3.954637e-01
3.385059e-01 -3.982635e-01
3.385059e-01 -4.007617e-01
3.385059e-01 -4.029925e-01
3.385059e-01 -4.049862e-01
3.385059e-01 -4.067693e-01
3.385059e-01 -4.083650e-01
3.385059e-01 -4.097939e-01
3.385059e-01 -4.110740e-01
3.385059e-01 -4.122214e-01
3.385059e-01 -4.132502e-01
3.385059e-01 -4.141732e-01
3.385059e-01 -4.150013e-01
3.385059e-01 -4.157447e-01
3.385059e-01 -4.164121e-01
-7.320248e-01 -4.170115e-01
-7.320248e-01 -4.175500e-01
-7.320248e-01 -4.180338e-01
-7.320248e-01 -4.184685e-01
-7.320248e-01 -4.005899e-01
-7.320248e-01 -3.568197e-01
-7.320248e-01 -2.954949e-01
-7.320248e-01 -2.208547e-01
-7.320248e-01 -1.358106e-01
-7.320248e-01 -4.273867e-02
-7.320248e-01 5.627743e-02
-7.320248e-01 1.593692e-01
-7.320248e-01 2.648603e-01
-7.320248e-01 3.712603e-01
-7.320248e-01 4.772637e-01
-7.320248e-01 5.817493e-01
-7.320248e-01 6.837760e-01
-7.320248e-01 7.825760e-01
-7.320248e-01 8.775451e-01
-7.320248e-01 9.682288e-01
-7.320248e-01 1.054308e+00
-7.320248e-01 1.135582e+00
-7.320248e-01 1.211953e+00
-7.320248e-01 1.283408e+00
-7.320248e-01 1.350004e+00
-7.320248e-01 1.411858e+00
-7.320248e-01 1.469126e+00
-7.320248e-01 1.522000e+00
-7.320248e-01 1.570692e+00
-7.320248e-01 1.615430e+00
-7.320248e-01 1.656453e+00
-7.320248e-01 1.693998e+00
-7.320248e-01 1.728303e+00
-7.320248e-01 1.759600e+00
-7.320248e-01 1.788116e+00
-7.320248e-01 1.814065e+00
-7.320248e-01 1.837653e+00
-7.320248e-01 1.859073e+00
-7.320248e-01 1.878508e+00
-7.320248e-01 1.896127e+00
-7.320248e-01 1.912089e+00
-7.320248e-01 1.926540e+00
-7.320248e-01 1.939616e+00
-7.320248e-01 1.951440e+00
-7.320248e-01 1.962129e+00
-7.320248e-01 1.971787e+00
-7.320248e-01 1.980509e+00
-7.320248e-01 1.988385e+00
-7.320248e-01 1.995493e+00
-7.320248e-01 2.001908e+00
8.594697e-01 2.007694e+00
8.594697e-01 2.012913e+00
8.594697e-01 2.017619e+00
8.594697e-01 2.021862e+00
8.594697e-01 1.824569e+00
8.594697e-01 1.437634e+00
8.594697e-01 1.049458e+00
8.594697e-01 7.232343e-01
8.594697e-01 4.662892e-01
8.594697e-01 2.682751e-01
8.594697e-01 1.160872e-01
8.594697e-01 -1.591821e-03
8.594697e-01 -9.349286e-02
8.594697e-01 -1.660783e-01
8.594697e-01 -2.240691e-01
8.594697e-01 -2.709137e-01
8.594697e-01 -3.091471e-01
8.594697e-01 -3.406504e-01
8.594697e-01 -3.668346e-01
8.594697e-01 -3.887698e-01
8.594697e-01 -4.072771e-01
8.594697e-01 -4.229929e-01
8.594697e-01 -4.364160e-01
8.594697e-01 -4.479411e-01
8.594697e-01 -4.578832e-01
8.594697e-01 -4.664962e-01
8.594697e-01 -4.739864e-01
8.594697e-01 -4.805225e-01
8.594697e-01 -4.862439e-01
8.594697e-01 -4.912660e-01
8.594697e-01 -4.956853e-01
8.594697e-01 -4.995830e-01
8.594697e-01 -5.030277e-01
8.594697e-01 -5.060776e-01
8.594697e-01 -5.087823e-01
8.594697e-01 -5.111846e-01
8.594697e-01 -5.133210e-01
8.594697e-01 -5.152232e-01
8.594697e-01 -5.169189e-01
8.594697e-01 -5.184318e-01
8.594697e-01 -5.197829e-01
8.594697e-01 -5.209904e-01
8.594697e-01 -5.220703e-01
8.594697e-01 -5.230367e-01
8.594697e-01 -5.239021e-01
8.594697e-01 -5.246775e-01
8.594697e-01 -5.253724e-01
8.594697e-01 -5.259956e-01
8.594697e-01 -5.265545e-01
8.594697e-01 -5.270562e-01
-8.927117e-01 -5.275064e-01
-8.927117e-01 -5.279107e-01
-8.927117e-01 -5.282737e-01
-8.927117e-01 -5.285999e-01
-8.927117e-01 -5.149479e-01
-8.927117e-01 -4.806992e-01
-8.927117e-01 -4.309082e-01
-8.927117e-01 -3.677805e-01
-8.927117e-01 -2.928714e-01
-8.927117e-01 -2.076682e-01
-8.927117e-01 -1.137254e-01
-8.927117e-01 -1.266469e-02
-8.927117e-01 9.386641e-02
-8.927117e-01 2.042433e-01
-8.927117e-01 3.169111e-01
-8.927117e-01 4.304235e-01
-8.927117e-01 5.434727e-01
-8.927117e-01 6.549093e-01
-8.927117e-01 7.637525e-01
-8.927117e-01 8.691925e-01
-8.927117e-01 9.705851e-01
-8.927117e-01 1.067442e+00
-8.927117e-01 1.159417e+00
-8.927117e-01 1.246290e+00
-8.927117e-01 1.327949e+00
-8.927117e-01 1.404376e+00
-8.927117e-01 1.475627e+00
-8.927117e-01 1.541820e+00
-8.927117e-01 1.603120e+00
-8.927117e-01 1.659728e+00
-8.927117e-01 1.711868e+00
-8.927117e-01 1.759784e+00
-8.927117e-01 1.803726e+00
-8.927117e-01 1.843949e+00
-8.927117e-01 1.880705e+00
-8.927117e-01 1.914243e+00
-8.927117e-01 1.944802e+00
-8.927117e-01 1.972614e+00
-8.927117e-01 1.997897e+00
-8.927117e-01 2.020858e+00
-8.927117e-01 2.041693e+00
-8.927117e-01 2.060582e+00
-8.927117e-01 2.077695e+00
-8.927117e-01 2.093189e+00
-8.927117e-01 2.107209e+00
-8.927117e-01 2.119888e+00
-8.927117e-01 2.131350e+00
-8.927117e-01 2.141706e+00
-8.927117e-01 2.151060e+00
-8.927117e-01 2.159506e+00
1.939278e-01 2.167129e+00
1.939278e-01 2.174008e+00
1.939278e-01 2.180214e+00
1.939278e-01 2.185811e+00
1.939278e-01 2.035187e+00
1.939278e-01 1.727139e+00
1.939278e-01 1.401372e+00
1.939278e-01 1.111381e+00
1.939278e-01 8.695435e-01
1.939278e-01 6.727940e-01
1.939278e-01 5.137950e-01
1.939278e-01 3.850754e-01
1.939278e-01 2.802746e-01
1.939278e-01 1.943212e-01
1.939278e-01 1.232742e-01
1.939278e-01 6.409570e-02
1.939278e-01 1.444302e-02
1.939278e-01 -2.749972e-02
1.939278e-01 -6.314995e-02
1.939278e-01 -9.362319e-02
1.939278e-01 -1.198048e-01
1.939278e-01 -1.424034e-01
1.939278e-01 -1.619910e-01
1.939278e-01 -1.790327e-01
1.939278e-01 -1.939097e-01
1.939278e-01 -2.069368e-01
1.939278e-01 -2.183754e-01
1.939278e-01 -2.284441e-01
1.939278e-01 -2.373267e-01
1.939278e-01 -2.451786e-01
1.939278e-01 -2.521321e-01
1.939278e-01 -2.582998e-01
1.939278e-01 -2.637787e-01
1.939278e-01 -2.686521e-01
1.939278e-01 -2.729919e-01
1.939278e-01 -2.768609e-01
1.939278e-01 -2.803132e-01
1.939278e-01 -2.833966e-01
1.939278e-01 -2.861525e-01
1.939278e-01 -2.886175e-01
1.939278e-01 -2.908237e-01
1.939278e-01 -2.927993e-01
1.939278e-01 -2.945693e-01
1.939278e-01 -2.961560e-01
1.939278e-01 -2.975788e-01
1.939278e-01 -2.988552e-01
1.939278e-01 -3.000005e-01
1.939278e-01 -3.010287e-01
1.939278e-01 -3.019519e-01
1.939278e-01 -3.027810e-01
-6.562966e-01 -3.035258e-01
-6.562966e-01 -3.041949e-01
-6.562966e-01 -3.047963e-01
-6.562966e-01 -3.053368e-01
-6.562966e-01 -2.846163e-01
-6.562966e-01 -2.346931e-01
-6.562966e-01 -1.664910e-01
-6.562966e-01 -8.577260e-02
-6.562966e-01 3.666615e-03
-6.562966e-01 9.898970e-02
-6.562966e-01 1.979408e-01
-6.562966e-01 2.986758e-01
-6.562966e-01 3.996720e-01
-6.562966e-01 4.996736e-01
-6.562966e-01 5.976543e-01
-6.562966e-01 6.927900e-01
-6.562966e-01 7.844360e-01
-6.562966e-01 8.721067e-01
-6.562966e-01 9.554565e-01
-6.562966e-01 1.034261e+00
-6.562966e-01 1.108401e+00
-6.562966e-01 1.177843e+00
-6.562966e-01 1.242626e+00
-6.562966e-01 1.302846e+00
-6.562966e-01 1.358645e+00
-6.562966e-01 1.410197e+00
-6.562966e-01 1.457701e+00
-6.562966e-01 1.501373e+00
-6.562966e-01 1.541438e+00
-6.562966e-01 1.578122e+00
-6.562966e-01 1.611655e+00
-6.562966e-01 1.642259e+00
-6.562966e-01 1.670152e+00
-6.562966e-01 1.695542e+00
-6.562966e-01 1.718627e+00
-6.562966e-01 1.739597e+00
-6.562966e-01 1.758627e+00
-6.562966e-01 1.775882e+00
-6.562966e-01 1.791517e+00
-6.562966e-01 1.805674e+00
-6.562966e-01 1.818486e+00
-6.562966e-01 1.830073e+00
-6.562966e-01 1.840549e+00
-6.562966e-01 1.850014e+00
-6.562966e-01 1.858565e+00
-6.562966e-01 1.866285e+00
-6.562966e-01 1.873254e+00
-6.562966e-01 1.879543e+00
-6.562966e-01 1.885217e+00
-6.562966e-01 1.890335e+00
-3.761181e-01 1.894950e+00
-3.761181e-01 1.899111e+00
-3.761181e-01 1.902861e+00
-3.761181e-01 1.906242e+00
-3.761181e-01 1.885732e+00
-3.761181e-01 1.837618e+00
-3.761181e-01 1.780170e+00
-3.761181e-01 1.722112e+00
-3.761181e-01 1.667275e+00
-3.761181e-01 1.617100e+00
-3.761181e-01 1.571902e+00
-3.761181e-01 1.531497e+00
-3.761181e-01 1.495502e+00
-3.761181e-01 1.463479e+00
-3.761181e-01 1.434993e+00
-3.761181e-01 1.409643e+00
-3.761181e-01 1.387067e+00
-3.761181e-01 1.366945e+00
-3.761181e-01 1.348995e+00
-3.761181e-01 1.332970e+00
-3.761181e-01 1.318652e+00
-3.761181e-01 1.305851e+00
-3.761181e-01 1.294397e+00
-3.761181e-01 1.284144e+00
-3.761181e-01 1.274960e+00
-3.761181e-01 1.266730e+00
-3.761181e-01 1.259352e+00
-3.761181e-01 1.252734e+00
-3.761181e-01 1.246797e+00
-3.761181e-01 1.241468e+00
-3.761181e-01 1.236684e+00
-3.761181e-01 1.232389e+00
-3.761181e-01 1.228530e+00
-3.761181e-01 1.225064e+00
-3.761181e-01 1.221949e+00
-3.761181e-01 1.219150e+00
-3.761181e-01 1.216634e+00
-3.761181e-01 1.214372e+00
-3.761181e-01 1.212338e+00
-3.761181e-01 1.210510e+00
-3.761181e-01 1.208866e+00
-3.761181e-01 1.207387e+00
-3.761181e-01 1.206057e+00
-3.761181e-01 1.204860e+00
-3.761181e-01 1.203784e+00
-3.761181e-01 1.202816e+00
-3.761181e-01 1.201945e+00
-3.761181e-01 1.201161e+00
-3.761181e-01 1.200456e+00
-3.761181e-01 1.199821e+00
5.824366e-01 1.199250e+00
5.824366e-01 1.198737e+00
5.824366e-01 1.198275e+00
5.824366e-01 1.197859e+00
5.824366e-01 1.083374e+00
5.824366e-01 8.568832e-01
5.824366e-01 6.224089e-01
5.824366e-01 4.179459e-01
5.824366e-01 2.507635e-01
5.824366e-01 1.172297e-01
5.824366e-01 1.112537e-02
5.824366e-01 -7.346157e-02
5.824366e-01 -1.413778e-01
5.824366e-01 -1.963836e-01
5.824366e-01 -2.413373e-01
5.824366e-01 -2.784007e-01
5.824366e-01 -3.092133e-01
5.824366e-01 -3.350267e-01
5.824366e-01 -3.568044e-01
5.824366e-01 -3.752951e-01
5.824366e-01 -3.910861e-01
5.824366e-01 -4.046422e-01
5.824366e-01 -4.163347e-01
5.824366e-01 -4.264627e-01
5.824366e-01 -4.352694e-01
5.824366e-01 -4.429534e-01
5.824366e-01 -4.496789e-01
5.824366e-01 -4.555818e-01
5.824366e-01 -4.607758e-01
5.824366e-01 -4.653565e-01
5.824366e-01 -4.694044e-01
5.824366e-01 -4.729882e-01
5.824366e-01 -4.761662e-01
5.824366e-01 -4.789887e-01
5.824366e-01 -4.814987e-01
5.824366e-01 -4.837335e-01
5.824366e-01 -4.857256e-01
5.824366e-01 -4.875029e-01
5.824366e-01 -4.890900e-01
5.824366e-01 -4.905084e-01
5.824366e-01 -4.917769e-01
5.824366e-01 -4.929121e-01
5.824366e-01 -4.939287e-01
5.824366e-01 -4.948393e-01
5.824366e-01 -4.956556e-01
5.824366e-01 -4.963875e-01
5.824366e-01 -4.970441e-01
5.824366e-01 -4.976332e-01
5.824366e-01 -4.981620e-01
5.824366e-01 -4.986368e-01
-9.881492e-01 -4.990633e-01
-9.881492e-01 -4.994463e-01
-9.881492e-01 -4.997904e-01
-9.881492e-01 -5.000997e-01
-9.881492e-01 -4.849081e-01
-9.881492e-01 -4.470866e-01
-9.881492e-01 -3.925965e-01
-9.881492e-01 -3.241837e-01
-9.881492e-01 -2.437855e-01
-9.881492e-01 -1.531740e-01
-9.881492e-01 -5.411311e-02
-9.881492e-01 5.162898e-02
-9.881492e-01 1.623112e-01
-9.881492e-01 2.762593e-01
-9.881492e-01 3.919039e-01
-9.881492e-01 5.078115e-01
-9.881492e-01 6.227069e-01
-9.881492e-01 7.354866e-01
-9.881492e-01 8.452240e-01
-9.881492e-01 9.511673e-01
-9.881492e-01 1.052731e+00
-9.881492e-01 1.149483e+00
-9.881492e-01 1.241129e+00
-9.881492e-01 1.327497e+00
-9.881492e-01 1.408517e+00
-9.881492e-01 1.484209e+00
-9.881492e-01 1.554658e+00
-9.881492e-01 1.620011e+00
-9.881492e-01 1.680452e+00
-9.881492e-01 1.736199e+00
-9.881492e-01 1.787493e+00
-9.881492e-01 1.834585e+00
-9.881492e-01 1.877733e+00
-9.881492e-01 1.917199e+00
-9.881492e-01 1.953237e+00
-9.881492e-01 1.986100e+00
-9.881492e-01 2.016027e+00
-9.881492e-01 2.043248e+00
-9.881492e-01 2.067984e+00
-9.881492e-01 2.090438e+00
-9.881492e-01 2.110805e+00
-9.881492e-01 2.129265e+00
-9.881492e-01 2.145983e+00
-9.881492e-01 2.161116e+00
-9.881492e-01 2.174805e+00
-9.881492e-01 2.187183e+00
-9.881492e-01 2.198370e+00
-9.881492e-01 2.208476e+00
-9.881492e-01 2.217602e+00
-9.881492e-01 2.225841e+00
1.760731e-01 2.233277e+00
1.760731e-01 2.239986e+00
1.760731e-01 2.246038e+00
1.760731e-01 2.251496e+00
1.760731e-01 2.099306e+00
1.760731e-01 1.787916e+00
1.760731e-01 1.458085e+00
1.760731e-01 1.163921e+00
1.760731e-01 9.181342e-01
1.760731e-01 7.178059e-01
1.760731e-01 5.556393e-01
1.760731e-01 4.241507e-01
1.760731e-01 3.169438e-01
1.760731e-01 2.289041e-01
1.760731e-01 1.560482e-01
1.760731e-01 9.529977e-02
1.760731e-01 4.428185e-02
1.760731e-01 1.149348e-03
1.760731e-01 -3.554013e-02
1.760731e-01 -6.692323e-02
1.760731e-01 -9.390322e-02
1.760731e-01 -1.172039e-01
1.760731e-01 -1.374101e-01
1.760731e-01 -1.549980e-01
1.760731e-01 -1.703581e-01
1.760731e-01 -1.838130e-01
1.760731e-01 -1.956312e-01
1.760731e-01 -2.060370e-01
1.760731e-01 -2.152195e-01
1.760731e-01 -2.233385e-01
1.760731e-01 -2.305300e-01
1.760731e-01 -2.369102e-01
1.760731e-01 -2.425787e-01
1.760731e-01 -2.476216e-01
1.760731e-01 -2.521130e-01
1.760731e-01 -2.561176e-01
1.760731e-01 -2.596914e-01
1.760731e-01 -2.628835e-01
1.760731e-01 -2.657370e-01
1.760731e-01 -2.682894e-01
1.760731e-01 -2.705739e-01
1.760731e-01 -2.726199e-01
1.760731e-01 -2.744531e-01
1.760731e-01 -2.760964e-01
1.760731e-01 -2.775702e-01
1.760731e-01 -2.788923e-01
1.760731e-01 -2.800787e-01
1.760731e-01 -2.811438e-01
1.760731e-01 -2.821002e-01
1.760731e-01 -2.829591e-01
-7.390164e-01 -2.837307e-01
-7.390164e-01 -2.844240e-01
-7.390164e-01 -2.850470e-01
-7.390164e-01 -2.856070e-01
-7.390164e-01 -2.638386e-01
-7.390164e-01 -2.113989e-01
-7.390164e-01 -1.397584e-01
-7.390164e-01 -5.496805e-02
-7.390164e-01 3.898643e-02
-7.390164e-01 1.391254e-01
-7.390164e-01 2.430792e-01
-7.390164e-01 3.489105e-01
-7.390164e-01 4.550192e-01
-7.390164e-01 5.600857e-01
-7.390164e-01 6.630314e-01
-7.390164e-01 7.629901e-01
-7.390164e-01 8.592841e-01
-7.390164e-01 9.514028e-01
-7.390164e-01 1.038983e+00
-7.390164e-01 1.121788e+00
-7.390164e-01 1.199693e+00
-7.390164e-01 1.272662e+00
-7.390164e-01 1.340736e+00
-7.390164e-01 1.404016e+00
-7.390164e-01 1.462650e+00
-7.390164e-01 1.516823e+00
-7.390164e-01 1.566742e+00
-7.390164e-01 1.612635e+00
-7.390164e-01 1.654736e+00
-7.390164e-01 1.693286e+00
-7.390164e-01 1.728524e+00
-7.390164e-01 1.760685e+00
-7.390164e-01 1.789997e+00
-7.390164e-01 1.816678e+00
-7.390164e-01 1.840938e+00
-7.390164e-01 1.862975e+00
-7.390164e-01 1.882973e+00
-7.390164e-01 1.901106e+00
-7.390164e-01 1.917536e+00
-7.390164e-01 1.932414e+00
-7.390164e-01 1.945877e+00
-7.390164e-01 1.958055e+00
-7.390164e-01 1.969063e+00
-7.390164e-01 1.979011e+00
-7.390164e-01 1.987996e+00
-7.390164e-01 1.996110e+00
-7.390164e-01 2.003433e+00
-7.390164e-01 2.010042e+00
-7.390164e-01 2.016005e+00
-7.390164e-01 2.021383e+00
-6.487533e-01 2.026233e+00
-6.487533e-01 2.030606e+00
-6.487533e-01 2.034547e+00
-6.487533e-01 2.038100e+00
-6.487533e-01 2.037196e+00
-6.487533e-01 2.031110e+00
-6.487533e-01 2.022945e+00
-6.487533e-01 2.014236e+00
-6.487533e-01 2.005715e+00
-6.487533e-01 1.997706e+00
-6.487533e-01 1.990333e+00
-6.487533e-01 1.983618e+00
-6.487533e-01 1.977541e+00
-6.487533e-01 1.972057e+00
-6.487533e-01 1.967118e+00
-6.487533e-01 1.962674e+00
-6.487533e-01 1.958677e+00
-6.487533e-01 1.955083e+00
-6.487533e-01 1.951851e+00
-6.487533e-01 1.948945e+00
-6.487533e-01 1.946331e+00
-6.487533e-01 1.943981e+00
-6.487533e-01 1.941868e+00
-6.487533e-01 1.939967e+00
-6.487533e-01 1.938257e+00
-6.487533e-01 1.936719e+00
-6.487533e-01 1.935335e+00
-6.487533e-01 1.934090e+00
-6.487533e-01 1.932970e+00
-6.487533e-01 1.931963e+00
-6.487533e-01 1.931056e+00
-6.487533e-01 1.930240e+00
-6.487533e-01 1.929506e+00
-6.487533e-01 1.928846e+00
-6.487533e-01 1.928251e+00
-6.487533e-01 1.927716e+00
-6.487533e-01 1.927235e+00
-6.487533e-01 1.926802e+00
-6.487533e-01 1.926412e+00
-6.487533e-01 1.926061e+00
-6.487533e-01 1.925745e+00
-6.487533e-01 1.925461e+00
-6.487533e-01 1.925205e+00
-6.487533e-01 1.924975e+00
-6.487533e-01 1.924768e+00
-6.487533e-01 1.924581e+00
-6.487533e-01 1.924413e+00
-6.487533e-01 1.924262e+00
-6.487533e-01 1.924126e+00
-6.487533e-01 1.924004e+00
4.040671e-01 1.923894e+00
