0.000000e+00 0.000000e+00
0.000000e+00 0.000000e+00
0.000000e+00 0.000000e+00
0.000000e+00 0.000000e+00
-7.418213e-01 -0.000000e+00
-7.418213e-01 -0.000000e+00
-7.418213e-01 -0.000000e+00
-7.418213e-01 -0.000000e+00
-7.418213e-01 2.692809e-02
-7.418213e-01 8.948553e-02
-7.418213e-01 1.718594e-01
-7.418213e-01 2.656138e-01
-7.418213e-01 3.655747e-01
-7.418213e-01 4.683045e-01
-7.418213e-01 5.714144e-01
-7.418213e-01 6.732031e-01
-7.418213e-01 7.724448e-01
-7.418213e-01 8.682576e-01
-7.418213e-01 9.600176e-01
-7.418213e-01 1.047300e+00
-7.418213e-01 1.129838e+00
-7.418213e-01 1.207489e+00
-7.418213e-01 1.280213e+00
-7.418213e-01 1.348047e+00
-7.418213e-01 1.411093e+00
-7.418213e-01 1.469501e+00
-7.418213e-01 1.523456e+00
-7.418213e-01 1.573166e+00
-7.418213e-01 1.618860e+00
-7.418213e-01 1.660774e+00
-7.418213e-01 1.699148e+00
-7.418213e-01 1.734221e+00
-7.418213e-01 1.766228e+00
-7.418213e-01 1.795397e+00
-7.418213e-01 1.821947e+00
-7.418213e-01 1.846085e+00
-7.418213e-01 1.868010e+00
-7.418213e-01 1.887905e+00
-7.418213e-01 1.905944e+00
-7.418213e-01 1.922288e+00
-7.418213e-01 1.937088e+00
-7.418213e-01 1.950479e+00
-7.418213e-01 1.962591e+00
-7.418213e-01 1.973541e+00
-7.418213e-01 1.983435e+00
-7.418213e-01 1.992371e+00
-7.418213e-01 2.000440e+00
-7.418213e-01 2.007724e+00
-7.418213e-01 2.014297e+00
2.096750e-01 2.020226e+00
2.096750e-01 2.025575e+00
2.096750e-01 2.030398e+00
2.096750e-01 2.034746e+00
2.096750e-01 1.892251e+00
2.096750e-01 1.601708e+00
2.096750e-01 1.294414e+00
2.096750e-01 1.020693e+00
2.096750e-01 7.922486e-01
2.096750e-01 6.062487e-01
2.096750e-01 4.558233e-01
2.096750e-01 3.339589e-01
2.096750e-01 2.346755e-01
2.096750e-01 1.531993e-01
2.096750e-01 8.581719e-02
2.096750e-01 2.966444e-02
2.096750e-01 -1.747002e-02
2.096750e-01 -5.730113e-02
2.096750e-01 -9.116846e-02
2.096750e-01 -1.201269e-01
2.096750e-01 -1.450141e-01
2.096750e-01 -1.665010e-01
2.096750e-01 -1.851293e-01
2.096750e-01 -2.013397e-01
2.096750e-01 -2.154938e-01
2.096750e-01 -2.278899e-01
2.096750e-01 -2.387761e-01
2.096750e-01 -2.483598e-01
2.096750e-01 -2.568157e-01
2.096750e-01 -2.642912e-01
2.096750e-01 -2.709119e-01
2.096750e-01 -2.767851e-01
2.096750e-01 -2.820028e-01
2.096750e-01 -2.866441e-01
2.096750e-01 -2.907776e-01
2.096750e-01 -2.944627e-01
2.096750e-01 -2.977513e-01
2.096750e-01 -3.006885e-01
2.096750e-01 -3.033139e-01
2.096750e-01 -3.056623e-01
2.096750e-01 -3.077641e-01
2.096750e-01 -3.096463e-01
2.096750e-01 -3.113328e-01
2.096750e-01 -3.128445e-01
2.096750e-01 -3.142002e-01
2.096750e-01 -3.154164e-01
2.096750e-01 -3.165078e-01
2.096750e-01 -3.174875e-01
2.096750e-01 -3.183671e-01
2.096750e-01 -3.191572e-01
7.907474e-03 -3.198669e-01
7.907474e-03 -3.205046e-01
7.907474e-03 -3.210776e-01
7.907474e-03 -3.215927e-01
7.907474e-03 -3.157655e-01
7.907474e-03 -3.020802e-01
7.907474e-03 -2.848427e-01
7.907474e-03 -2.662679e-01
7.907474e-03 -2.475405e-01
7.907474e-03 -2.292994e-01
7.907474e-03 -2.118831e-01
7.907474e-03 -1.954602e-01
7.907474e-03 -1.801023e-01
7.907474e-03 -1.658246e-01
7.907474e-03 -1.526097e-01
7.907474e-03 -1.404206e-01
7.907474e-03 -1.292095e-01
7.907474e-03 -1.189224e-01
7.907474e-03 -1.095025e-01
7.907474e-03 -1.008921e-01
7.907474e-03 -9.303406e-02
7.907474e-03 -8.587274e-02
7.907474e-03 -7.935453e-02
7.907474e-03 -7.342834e-02
7.907474e-03 -6.804582e-02
7.907474e-03 -6.316153e-02
7.907474e-03 -5.873294e-02
7.907474e-03 -5.472048e-02
7.907474e-03 -5.108745e-02
7.907474e-03 -4.779990e-02
7.907474e-03 -4.482657e-02
7.907474e-03 -4.213872e-02
7.907474e-03 -3.970999e-02
7.907474e-03 -3.751625e-02
7.907474e-03 -3.553545e-02
7.907474e-03 -3.374749e-02
7.907474e-03 -3.213406e-02
7.907474e-03 -3.067848e-02
7.907474e-03 -2.936562e-02
7.907474e-03 -2.818173e-02
7.907474e-03 -2.711433e-02
7.907474e-03 -2.615213e-02
7.907474e-03 -2.528488e-02
7.907474e-03 -2.450333e-02
7.907474e-03 -2.379909e-02
7.907474e-03 -2.316458e-02
7.907474e-03 -2.259296e-02
7.907474e-03 -2.207803e-02
7.907474e-03 -2.161422e-02
7.907474e-03 -2.119648e-02
9.009147e-01 -2.082025e-02
9.009147e-01 -2.048144e-02
9.009147e-01 -2.017633e-02
9.009147e-01 -1.990158e-02
9.009147e-01 -4.546582e-02
9.009147e-01 -9.835779e-02
9.009147e-01 -1.563719e-01
9.009147e-01 -2.102584e-01
9.009147e-01 -2.571711e-01
9.009147e-01 -2.969377e-01
9.009147e-01 -3.303251e-01
9.009147e-01 -3.583167e-01
9.009147e-01 -3.818435e-01
9.009147e-01 -4.017029e-01
9.009147e-01 -4.185506e-01
9.009147e-01 -4.329167e-01
9.009147e-01 -4.452277e-01
9.009147e-01 -4.558267e-01
9.009147e-01 -4.649911e-01
9.009147e-01 -4.729465e-01
9.009147e-01 -4.798769e-01
9.009147e-01 -4.859341e-01
9.009147e-01 -4.912436e-01
9.009147e-01 -4.959100e-01
9.009147e-01 -5.000209e-01
9.009147e-01 -5.036503e-01
9.009147e-01 -5.068607e-01
9.009147e-01 -5.097054e-01
9.009147e-01 -5.122300e-01
9.009147e-01 -5.144738e-01
9.009147e-01 -5.164705e-01
9.009147e-01 -5.182493e-01
9.009147e-01 -5.198356e-01
9.009147e-01 -5.212516e-01
9.009147e-01 -5.225166e-01
9.009147e-01 -5.236475e-01
9.009147e-01 -5.246593e-01
9.009147e-01 -5.255650e-01
9.009147e-01 -5.263763e-01
9.009147e-01 -5.271033e-01
9.009147e-01 -5.277550e-01
9.009147e-01 -5.283395e-01
9.009147e-01 -5.288639e-01
9.009147e-01 -5.293346e-01
9.009147e-01 -5.297571e-01
9.009147e-01 -5.301365e-01
9.009147e-01 -5.304773e-01
9.009147e-01 -5.307835e-01
9.009147e-01 -5.310585e-01
9.009147e-01 -5.313058e-01
-3.265791e-01 -5.315280e-01
-3.265791e-01 -5.317277e-01
-3.265791e-01 -5.319073e-01
-3.265791e-01 -5.320688e-01
-3.265791e-01 -5.211138e-01
-3.265791e-01 -4.943711e-01
-3.265791e-01 -4.568197e-01
-3.265791e-01 -4.109770e-01
-3.265791e-01 -3.585805e-01
-3.265791e-01 -3.010643e-01
-3.265791e-01 -2.397018e-01
-3.265791e-01 -1.756476e-01
-3.265791e-01 -1.099475e-01
-3.265791e-01 -4.353937e-02
-3.265791e-01 2.274952e-02
-3.265791e-01 8.820343e-02
-3.265791e-01 1.522177e-01
-3.265791e-01 2.142954e-01
-3.265791e-01 2.740424e-01
-3.265791e-01 3.311591e-01
-3.265791e-01 3.854318e-01
-3.265791e-01 4.367227e-01
-3.265791e-01 4.849596e-01
-3.265791e-01 5.301257e-01
-3.265791e-01 5.722498e-01
-3.265791e-01 6.113976e-01
-3.265791e-01 6.476632e-01
-3.265791e-01 6.811623e-01
-3.265791e-01 7.120260e-01
-3.265791e-01 7.403955e-01
-3.265791e-01 7.664176e-01
-3.265791e-01 7.902416e-01
-3.265791e-01 8.120161e-01
-3.265791e-01 8.318871e-01
-3.265791e-01 8.499959e-01
-3.265791e-01 8.664785e-01
-3.265791e-01 8.814641e-01
-3.265791e-01 8.950750e-01
-3.265791e-01 9.074262e-01
-3.265791e-01 9.186252e-01
-3.265791e-01 9.287719e-01
-3.265791e-01 9.379593e-01
-3.265791e-01 9.462731e-01
-3.265791e-01 9.537923e-01
-3.265791e-01 9.605896e-01
-3.265791e-01 9.667317e-01
-3.265791e-01 9.722795e-01
-3.265791e-01 9.772888e-01
-3.265791e-01 9.818105e-01
-3.265791e-01 9.858909e-01
-8.152960e-01 9.895720e-01
-8.152960e-01 9.928922e-01
-8.152960e-01 9.958863e-01
-8.152960e-01 9.985858e-01
-8.152960e-01 1.024883e+00
-8.152960e-01 1.080538e+00
-8.152960e-01 1.149110e+00
-8.152960e-01 1.222148e+00
-8.152960e-01 1.295189e+00
-8.152960e-01 1.365874e+00
-8.152960e-01 1.432999e+00
-8.152960e-01 1.496002e+00
-8.152960e-01 1.554681e+00
-8.152960e-01 1.609036e+00
-8.152960e-01 1.659184e+00
-8.152960e-01 1.705309e+00
-8.152960e-01 1.747624e+00
-8.152960e-01 1.786362e+00
-8.152960e-01 1.821762e+00
-8.152960e-01 1.854060e+00
-8.152960e-01 1.883487e+00
-8.152960e-01 1.910264e+00
-8.152960e-01 1.934604e+00
-8.152960e-01 1.956707e+00
-8.152960e-01 1.976760e+00
-8.152960e-01 1.994938e+00
-8.152960e-01 2.011407e+00
-8.152960e-01 2.026315e+00
-8.152960e-01 2.039805e+00
-8.152960e-01 2.052004e+00
-8.152960e-01 2.063030e+00
-8.152960e-01 2.072993e+00
-8.152960e-01 2.081990e+00
-8.152960e-01 2.090114e+00
-8.152960e-01 2.097447e+00
-8.152960e-01 2.104063e+00
-8.152960e-01 2.110032e+00
-8.152960e-01 2.115415e+00
-8.152960e-01 2.120269e+00
-8.152960e-01 2.124646e+00
-8.152960e-01 2.128591e+00
-8.152960e-01 2.132146e+00
-8.152960e-01 2.135350e+00
-8.152960e-01 2.138237e+00
-8.152960e-01 2.140838e+00
-8.152960e-01 2.143182e+00
-8.152960e-01 2.145293e+00
-8.152960e-01 2.147194e+00
-8.152960e-01 2.148906e+00
-8.152960e-01 2.150448e+00
-6.806353e-01 2.151837e+00
-6.806353e-01 2.153088e+00
-6.806353e-01 2.154214e+00
-6.806353e-01 2.155228e+00
-6.806353e-01 2.150934e+00
-6.806353e-01 2.140395e+00
-6.806353e-01 2.127532e+00
-6.806353e-01 2.114261e+00
-6.806353e-01 2.101478e+00
-6.806353e-01 2.089567e+00
-6.806353e-01 2.078657e+00
-6.806353e-01 2.068754e+00
-6.806353e-01 2.059809e+00
-6.806353e-01 2.051752e+00
-6.806353e-01 2.044504e+00
-6.806353e-01 2.037988e+00
-6.806353e-01 2.032133e+00
-6.806353e-01 2.026870e+00
-6.806353e-01 2.022142e+00
-6.806353e-01 2.017892e+00
-6.806353e-01 2.014072e+00
-6.806353e-01 2.010638e+00
-6.806353e-01 2.007551e+00
-6.806353e-01 2.004775e+00
-6.806353e-01 2.002279e+00
-6.806353e-01 2.000035e+00
-6.806353e-01 1.998016e+00
-6.806353e-01 1.996200e+00
-6.806353e-01 1.994567e+00
-6.806353e-01 1.993097e+00
-6.806353e-01 1.991776e+00
-6.806353e-01 1.990586e+00
-6.806353e-01 1.989517e+00
-6.806353e-01 1.988554e+00
-6.806353e-01 1.987688e+00
-6.806353e-01 1.986908e+00
-6.806353e-01 1.986207e+00
-6.806353e-01 1.985576e+00
-6.806353e-01 1.985008e+00
-6.806353e-01 1.984497e+00
-6.806353e-01 1.984037e+00
-6.806353e-01 1.983623e+00
-6.806353e-01 1.983250e+00
-6.806353e-01 1.982915e+00
-6.806353e-01 1.982613e+00
-6.806353e-01 1.982342e+00
-6.806353e-01 1.982097e+00
-6.806353e-01 1.981877e+00
-6.806353e-01 1.981680e+00
-6.806353e-01 1.981501e+00
5.616936e-01 1.981341e+00
5.616936e-01 1.981197e+00
5.616936e-01 1.981067e+00
5.616936e-01 1.980950e+00
5.616936e-01 1.797115e+00
5.616936e-01 1.437915e+00
5.616936e-01 1.073817e+00
5.616936e-01 7.637552e-01
5.616936e-01 5.161711e-01
5.616936e-01 3.228314e-01
5.616936e-01 1.723890e-01
5.616936e-01 5.473212e-02
5.616936e-01 -3.810598e-02
5.616936e-01 -1.121211e-01
5.616936e-01 -1.717562e-01
5.616936e-01 -2.202979e-01
5.616936e-01 -2.601897e-01
5.616936e-01 -2.932634e-01
5.616936e-01 -3.209065e-01
5.616936e-01 -3.441804e-01
5.616936e-01 -3.639059e-01
5.616936e-01 -3.807245e-01
5.616936e-01 -3.951421e-01
5.616936e-01 -4.075619e-01
5.616936e-01 -4.183076e-01
5.616936e-01 -4.276416e-01
5.616936e-01 -4.357783e-01
5.616936e-01 -4.428941e-01
5.616936e-01 -4.491348e-01
5.616936e-01 -4.546224e-01
5.616936e-01 -4.594590e-01
5.616936e-01 -4.637308e-01
5.616936e-01 -4.675109e-01
5.616936e-01 -4.708616e-01
5.616936e-01 -4.738362e-01
5.616936e-01 -4.764806e-01
5.616936e-01 -4.788343e-01
5.616936e-01 -4.809317e-01
5.616936e-01 -4.828025e-01
5.616936e-01 -4.844727e-01
5.616936e-01 -4.859650e-01
5.616936e-01 -4.872994e-01
5.616936e-01 -4.884934e-01
5.616936e-01 -4.895624e-01
5.616936e-01 -4.905199e-01
5.616936e-01 -4.913780e-01
5.616936e-01 -4.921474e-01
5.616936e-01 -4.928375e-01
5.616936e-01 -4.934567e-01
5.616936e-01 -4.940125e-01
3.850582e-01 -4.945114e-01
3.850582e-01 -4.949595e-01
3.850582e-01 -4.953619e-01
3.850582e-01 -4.957235e-01
3.850582e-01 -4.947227e-01
3.850582e-01 -4.920913e-01
3.850582e-01 -4.887917e-01
3.850582e-01 -4.853057e-01
3.850582e-01 -4.818728e-01
3.850582e-01 -4.786077e-01
3.850582e-01 -4.755603e-01
3.850582e-01 -4.727468e-01
3.850582e-01 -4.701663e-01
3.850582e-01 -4.678092e-01
3.850582e-01 -4.656621e-01
3.850582e-01 -4.637100e-01
3.850582e-01 -4.619378e-01
3.850582e-01 -4.603306e-01
3.850582e-01 -4.588743e-01
3.850582e-01 -4.575558e-01
3.850582e-01 -4.563628e-01
3.850582e-01 -4.552839e-01
3.850582e-01 -4.543087e-01
3.850582e-01 -4.534275e-01
3.850582e-01 -4.526317e-01
3.850582e-01 -4.519133e-01
3.850582e-01 -4.512648e-01
3.850582e-01 -4.506796e-01
3.850582e-01 -4.501518e-01
3.850582e-01 -4.496757e-01
3.850582e-01 -4.492464e-01
3.850582e-01 -4.488594e-01
3.850582e-01 -4.485105e-01
3.850582e-01 -4.481961e-01
3.850582e-01 -4.479127e-01
3.850582e-01 -4.476574e-01
3.850582e-01 -4.474274e-01
3.850582e-01 -4.472202e-01
3.850582e-01 -4.470335e-01
3.850582e-01 -4.468654e-01
3.850582e-01 -4.467140e-01
3.850582e-01 -4.465776e-01
3.850582e-01 -4.464548e-01
3.850582e-01 -4.463442e-01
3.850582e-01 -4.462446e-01
3.850582e-01 -4.461549e-01
3.850582e-01 -4.460742e-01
3.850582e-01 -4.460015e-01
3.850582e-01 -4.459360e-01
3.850582e-01 -4.458771e-01
-3.274324e-01 -4.458241e-01
-3.274324e-01 -4.457763e-01
-3.274324e-01 -4.457333e-01
-3.274324e-01 -4.456946e-01
-3.274324e-01 -4.319614e-01
-3.274324e-01 -3.993398e-01
-3.274324e-01 -3.548371e-01
-3.274324e-01 -3.021574e-01
-3.274324e-01 -2.437498e-01
-3.274324e-01 -1.814529e-01
-3.274324e-01 -1.167354e-01
-3.274324e-01 -5.080240e-02
-3.274324e-01 1.534722e-02
-3.274324e-01 8.088700e-02
-3.274324e-01 1.451396e-01
-3.274324e-01 2.075593e-01
-3.274324e-01 2.677181e-01
-3.274324e-01 3.252922e-01
-3.274324e-01 3.800500e-01
-3.274324e-01 4.318400e-01
-3.274324e-01 4.805796e-01
-3.274324e-01 5.262437e-01
-3.274324e-01 5.688549e-01
-3.274324e-01 6.084741e-01
-3.274324e-01 6.451919e-01
-3.274324e-01 6.791217e-01
-3.274324e-01 7.103929e-01
-3.274324e-01 7.391456e-01
-3.274324e-01 7.655265e-01
-3.274324e-01 7.896850e-01
-3.274324e-01 8.117702e-01
-3.274324e-01 8.319287e-01
-3.274324e-01 8.503028e-01
-3.274324e-01 8.670296e-01
-3.274324e-01 8.822395e-01
-3.274324e-01 8.960559e-01
-3.274324e-01 9.085951e-01
-3.274324e-01 9.199657e-01
-3.274324e-01 9.302689e-01
-3.274324e-01 9.395988e-01
-3.274324e-01 9.480422e-01
-3.274324e-01 9.556792e-01
-3.274324e-01 9.625834e-01
-3.274324e-01 9.688224e-01
-3.274324e-01 9.744581e-01
-3.274324e-01 9.795470e-01
-3.274324e-01 9.841407e-01
-3.274324e-01 9.882861e-01
-3.274324e-01 9.920261e-01
-3.274324e-01 9.953996e-01
8.430075e-01 9.984417e-01
8.430075e-01 1.001185e+00
8.430075e-01 1.003657e+00
8.430075e-01 1.005886e+00
8.430075e-01 9.026009e-01
8.430075e-01 6.958723e-01
8.430075e-01 4.819495e-01
8.430075e-01 2.958537e-01
8.430075e-01 1.441365e-01
8.430075e-01 2.332016e-02
8.430075e-01 -7.240145e-02
8.430075e-01 -1.485054e-01
8.430075e-01 -2.094591e-01
8.430075e-01 -2.587146e-01
8.430075e-01 -2.988866e-01
8.430075e-01 -3.319464e-01
8.430075e-01 -3.593848e-01
8.430075e-01 -3.823369e-01
8.430075e-01 -4.016745e-01
8.430075e-01 -4.180734e-01
8.430075e-01 -4.320626e-01
8.430075e-01 -4.440600e-01
8.430075e-01 -4.543989e-01
8.430075e-01 -4.633474e-01
8.430075e-01 -4.711227e-01
8.430075e-01 -4.779025e-01
8.430075e-01 -4.838331e-01
8.430075e-01 -4.890356e-01
8.430075e-01 -4.936111e-01
8.430075e-01 -4.976446e-01
8.430075e-01 -5.012076e-01
8.430075e-01 -5.043610e-01
8.430075e-01 -5.071565e-01
8.430075e-01 -5.096386e-01
8.430075e-01 -5.118453e-01
8.430075e-01 -5.138097e-01
8.430075e-01 -5.155603e-01
8.430075e-01 -5.171219e-01
8.430075e-01 -5.185161e-01
8.430075e-01 -5.197620e-01
8.430075e-01 -5.208761e-01
8.430075e-01 -5.218730e-01
8.430075e-01 -5.227655e-01
8.430075e-01 -5.235650e-01
8.430075e-01 -5.242816e-01
8.430075e-01 -5.249241e-01
8.430075e-01 -5.255004e-01
8.430075e-01 -5.260175e-01
8.430075e-01 -5.264816e-01
8.430075e-01 -5.268983e-01
4.271969e-01 -5.272725e-01
4.271969e-01 -5.276086e-01
4.271969e-01 -5.279106e-01
4.271969e-01 -5.281819e-01
4.271969e-01 -5.268252e-01
4.271969e-01 -5.234981e-01
4.271969e-01 -5.193439e-01
4.271969e-01 -5.149391e-01
4.271969e-01 -5.105766e-01
4.271969e-01 -5.064013e-01
4.271969e-01 -5.024804e-01
4.271969e-01 -4.988393e-01
4.271969e-01 -4.954817e-01
4.271969e-01 -4.923997e-01
4.271969e-01 -4.895797e-01
4.271969e-01 -4.870054e-01
4.271969e-01 -4.846597e-01
4.271969e-01 -4.825255e-01
4.271969e-01 -4.805859e-01
4.271969e-01 -4.788251e-01
4.271969e-01 -4.772280e-01
4.271969e-01 -4.757806e-01
4.271969e-01 -4.744697e-01
4.271969e-01 -4.732832e-01
4.271969e-01 -4.722099e-01
4.271969e-01 -4.712395e-01
4.271969e-01 -4.703625e-01
4.271969e-01 -4.695703e-01
4.271969e-01 -4.688549e-01
4.271969e-01 -4.682090e-01
4.271969e-01 -4.676261e-01
4.271969e-01 -4.671003e-01
4.271969e-01 -4.666259e-01
4.271969e-01 -4.661981e-01
4.271969e-01 -4.658124e-01
4.271969e-01 -4.654647e-01
4.271969e-01 -4.651512e-01
4.271969e-01 -4.648688e-01
4.271969e-01 -4.646142e-01
4.271969e-01 -4.643849e-01
4.271969e-01 -4.641782e-01
4.271969e-01 -4.639921e-01
4.271969e-01 -4.638245e-01
4.271969e-01 -4.636734e-01
4.271969e-01 -4.635374e-01
4.271969e-01 -4.634149e-01
4.271969e-01 -4.633046e-01
4.271969e-01 -4.632053e-01
4.271969e-01 -4.631159e-01
4.271969e-01 -4.630354e-01
-1.015436e-01 -4.629628e-01
-1.015436e-01 -4.628976e-01
-1.015436e-01 -4.628388e-01
-1.015436e-01 -4.627859e-01
-1.015436e-01 -4.534638e-01
-1.015436e-01 -4.318490e-01
-1.015436e-01 -4.033567e-01
-1.015436e-01 -3.708778e-01
-1.015436e-01 -3.361922e-01
-1.015436e-01 -3.004894e-01
-1.015436e-01 -2.646012e-01
-1.015436e-01 -2.291246e-01
-1.015436e-01 -1.944926e-01
-1.015436e-01 -1.610195e-01
-1.015436e-01 -1.289296e-01
-1.015436e-01 -9.837745e-02
-1.015436e-01 -6.946218e-02
-1.015436e-01 -4.223845e-02
-1.015436e-01 -1.672518e-02
-1.015436e-01 7.087289e-03
-1.015436e-01 2.923110e-02
-1.015436e-01 4.975576e-02
-1.015436e-01 6.872378e-02
-1.015436e-01 8.620692e-02
-1.015436e-01 1.022832e-01
-1.015436e-01 1.170343e-01
-1.015436e-01 1.305434e-01
-1.015436e-01 1.428937e-01
-1.015436e-01 1.541670e-01
-1.015436e-01 1.644429e-01
-1.015436e-01 1.737978e-01
-1.015436e-01 1.823046e-01
-1.015436e-01 1.900323e-01
-1.015436e-01 1.970457e-01
-1.015436e-01 2.034057e-01
-1.015436e-01 2.091688e-01
-1.015436e-01 2.143875e-01
-1.015436e-01 2.191105e-01
-1.015436e-01 2.233824e-01
-1.015436e-01 2.272445e-01
-1.015436e-01 2.307345e-01
-1.015436e-01 2.338871e-01
-1.015436e-01 2.367338e-01
-1.015436e-01 2.393035e-01
-1.015436e-01 2.416225e-01
-1.015436e-01 2.437148e-01
-1.015436e-01 2.456019e-01
-1.015436e-01 2.473037e-01
-1.015436e-01 2.488382e-01
-1.015436e-01 2.502214e-01
-6.432894e-01 2.514682e-01
-6.432894e-01 2.525918e-01
-6.432894e-01 2.536042e-01
-6.432894e-01 2.545165e-01
-6.432894e-01 2.818413e-01
-6.432894e-01 3.432023e-01
-6.432894e-01 4.218056e-01
-6.432894e-01 5.087765e-01
-6.432894e-01 5.989854e-01
-6.432894e-01 6.893196e-01
-6.432894e-01 7.778436e-01
-6.432894e-01 8.633443e-01
-6.432894e-01 9.450693e-01
-6.432894e-01 1.022569e+00
-6.432894e-01 1.095600e+00
-6.432894e-01 1.164061e+00
-6.432894e-01 1.227956e+00
-6.432894e-01 1.287362e+00
-6.432894e-01 1.342408e+00
-6.432894e-01 1.393264e+00
-6.432894e-01 1.440124e+00
-6.432894e-01 1.483201e+00
-6.432894e-01 1.522715e+00
-6.432894e-01 1.558893e+00
-6.432894e-01 1.591961e+00
-6.432894e-01 1.622138e+00
-6.432894e-01 1.649640e+00
-6.432894e-01 1.674672e+00
-6.432894e-01 1.697432e+00
-6.432894e-01 1.718104e+00
-6.432894e-01 1.736863e+00
-6.432894e-01 1.753873e+00
-6.432894e-01 1.769284e+00
-6.432894e-01 1.783239e+00
-6.432894e-01 1.795866e+00
-6.432894e-01 1.807287e+00
-6.432894e-01 1.817612e+00
-6.432894e-01 1.826941e+00
-6.432894e-01 1.835368e+00
-6.432894e-01 1.842977e+00
-6.432894e-01 1.849845e+00
-6.432894e-01 1.856043e+00
-6.432894e-01 1.861635e+00
-6.432894e-01 1.866678e+00
-6.432894e-01 1.871226e+00
-6.432894e-01 1.875326e+00
-6.432894e-01 1.879023e+00
-6.432894e-01 1.882354e+00
-6.432894e-01 1.885357e+00
-6.432894e-01 1.888062e+00
2.342856e-01 1.890500e+00
2.342856e-01 1.892695e+00
2.342856e-01 1.894674e+00
2.342856e-01 1.896455e+00
2.342856e-01 1.758944e+00
2.342856e-01 1.481319e+00
2.342856e-01 1.188410e+00
2.342856e-01 9.278791e-01
2.342856e-01 7.106753e-01
2.342856e-01 5.339819e-01
2.342856e-01 3.911888e-01
2.342856e-01 2.755820e-01
2.342856e-01 1.814500e-01
2.342856e-01 1.042402e-01
2.342856e-01 4.041509e-02
2.342856e-01 -1.275205e-02
2.342856e-01 -5.736431e-02
2.342856e-01 -9.505182e-02
2.342856e-01 -1.270872e-01
2.342856e-01 -1.544720e-01
2.342856e-01 -1.780014e-01
2.342856e-01 -1.983116e-01
2.342856e-01 -2.159164e-01
2.342856e-01 -2.312336e-01
2.342856e-01 -2.446057e-01
2.342856e-01 -2.563152e-01
2.342856e-01 -2.665973e-01
2.342856e-01 -2.756481e-01
2.342856e-01 -2.836329e-01
2.342856e-01 -2.906914e-01
2.342856e-01 -2.969423e-01
2.342856e-01 -3.024870e-01
2.342856e-01 -3.074124e-01
2.342856e-01 -3.117936e-01
2.342856e-01 -3.156952e-01
2.342856e-01 -3.191734e-01
2.342856e-01 -3.222772e-01
2.342856e-01 -3.250493e-01
2.342856e-01 -3.275270e-01
2.342856e-01 -3.297431e-01
2.342856e-01 -3.317266e-01
2.342856e-01 -3.335028e-01
2.342856e-01 -3.350942e-01
2.342856e-01 -3.365207e-01
2.342856e-01 -3.377999e-01
2.342856e-01 -3.389475e-01
2.342856e-01 -3.399772e-01
2.342856e-01 -3.409016e-01
2.342856e-01 -3.417316e-01
2.342856e-01 -3.424771e-01
-3.625917e-01 -3.431467e-01
-3.625917e-01 -3.437484e-01
-3.625917e-01 -3.442890e-01
-3.625917e-01 -3.447750e-01
-3.625917e-01 -3.286798e-01
-3.625917e-01 -2.902436e-01
-3.625917e-01 -2.385784e-01
-3.625917e-01 -1.785325e-01
-3.625917e-01 -1.131956e-01
-3.625917e-01 -4.475148e-02
-3.625917e-01 2.516999e-02
-3.625917e-01 9.531718e-02
-3.625917e-01 1.647166e-01
-3.625917e-01 2.326099e-01
-3.625917e-01 2.984116e-01
-3.625917e-01 3.616792e-01
-3.625917e-01 4.220899e-01
-3.625917e-01 4.794221e-01
-3.625917e-01 5.335393e-01
-3.625917e-01 5.843765e-01
-3.625917e-01 6.319272e-01
-3.625917e-01 6.762326e-01
-3.625917e-01 7.173712e-01
-3.625917e-01 7.554507e-01
-3.625917e-01 7.906000e-01
-3.625917e-01 8.229629e-01
-3.625917e-01 8.526929e-01
-3.625917e-01 8.799486e-01
-3.625917e-01 9.048900e-01
-3.625917e-01 9.276761e-01
-3.625917e-01 9.484621e-01
-3.625917e-01 9.673982e-01
-3.625917e-01 9.846284e-01
-3.625917e-01 1.000289e+00
-3.625917e-01 1.014510e+00
-3.625917e-01 1.027411e+00
-3.625917e-01 1.039107e+00
-3.625917e-01 1.049702e+00
-3.625917e-01 1.059293e+00
-3.625917e-01 1.067971e+00
-3.625917e-01 1.075819e+00
-3.625917e-01 1.082912e+00
-3.625917e-01 1.089321e+00
-3.625917e-01 1.095109e+00
-3.625917e-01 1.100335e+00
-3.625917e-01 1.105052e+00
-3.625917e-01 1.109308e+00
-3.625917e-01 1.113148e+00
-3.625917e-01 1.116610e+00
-3.625917e-01 1.119733e+00
-7.930228e-02 1.122548e+00
-7.930228e-02 1.125086e+00
-7.930228e-02 1.127373e+00
-7.930228e-02 1.129434e+00
-7.930228e-02 1.095481e+00
-7.930228e-02 1.021157e+00
-7.930228e-02 9.354145e-01
-7.930228e-02 8.514688e-01
-7.930228e-02 7.745210e-01
-7.930228e-02 7.060449e-01
-7.930228e-02 6.459131e-01
-7.930228e-02 5.933892e-01
-7.930228e-02 5.475699e-01
-7.930228e-02 5.075699e-01
-7.930228e-02 4.725904e-01
-7.930228e-02 4.419361e-01
-7.930228e-02 4.150118e-01
-7.930228e-02 3.913115e-01
-7.930228e-02 3.704055e-01
-7.930228e-02 3.519286e-01
-7.930228e-02 3.355695e-01
-7.930228e-02 3.210618e-01
-7.930228e-02 3.081772e-01
-7.930228e-02 2.967188e-01
-7.930228e-02 2.865166e-01
-7.930228e-02 2.774230e-01
-7.930228e-02 2.693096e-01
-7.930228e-02 2.620644e-01
-7.930228e-02 2.555894e-01
-7.930228e-02 2.497986e-01
-7.930228e-02 2.446164e-01
-7.930228e-02 2.399761e-01
-7.930228e-02 2.358190e-01
-7.930228e-02 2.320929e-01
-7.930228e-02 2.287517e-01
-7.930228e-02 2.257546e-01
-7.930228e-02 2.230653e-01
-7.930228e-02 2.206513e-01
-7.930228e-02 2.184839e-01
-7.930228e-02 2.165374e-01
-7.930228e-02 2.147889e-01
-7.930228e-02 2.132179e-01
-7.930228e-02 2.118063e-01
-7.930228e-02 2.105375e-01
-7.930228e-02 2.093970e-01
-7.930228e-02 2.083716e-01
-7.930228e-02 2.074497e-01
-7.930228e-02 2.066208e-01
-7.930228e-02 2.058752e-01
-7.930228e-02 2.052047e-01
-8.333693e-01 2.046016e-01
-8.333693e-01 2.040591e-01
-8.333693e-01 2.035711e-01
-8.333693e-01 2.031321e-01
-8.333693e-01 2.320348e-01
-8.333693e-01 2.990724e-01
-8.333693e-01 3.862077e-01
-8.333693e-01 4.838749e-01
-8.333693e-01 5.864078e-01
-8.333693e-01 6.902335e-01
-8.333693e-01 7.930203e-01
-8.333693e-01 8.932195e-01
-8.333693e-01 9.897985e-01
-8.333693e-01 1.082078e+00
-8.333693e-01 1.169630e+00
-8.333693e-01 1.252209e+00
-8.333693e-01 1.329706e+00
-8.333693e-01 1.402117e+00
-8.333693e-01 1.469515e+00
-8.333693e-01 1.532033e+00
-8.333693e-01 1.589849e+00
-8.333693e-01 1.643169e+00
-8.333693e-01 1.692225e+00
-8.333693e-01 1.737257e+00
-8.333693e-01 1.778515e+00
-8.333693e-01 1.816248e+00
-8.333693e-01 1.850703e+00
-8.333693e-01 1.882118e+00
-8.333693e-01 1.910725e+00
-8.333693e-01 1.936745e+00
-8.333693e-01 1.960387e+00
-8.333693e-01 1.981848e+00
-8.333693e-01 2.001313e+00
-8.333693e-01 2.018954e+00
-8.333693e-01 2.034930e+00
-8.333693e-01 2.049391e+00
-8.333693e-01 2.062473e+00
-8.333693e-01 2.074301e+00
-8.333693e-01 2.084990e+00
-8.333693e-01 2.094646e+00
-8.333693e-01 2.103367e+00
-8.333693e-01 2.111239e+00
-8.333693e-01 2.118344e+00
-8.333693e-01 2.124754e+00
-8.333693e-01 2.130536e+00
-8.333693e-01 2.135751e+00
-8.333693e-01 2.140453e+00
-8.333693e-01 2.144692e+00
-8.333693e-01 2.148512e+00
-8.333693e-01 2.151956e+00
-4.382425e-01 2.155059e+00
-4.382425e-01 2.157854e+00
-4.382425e-01 2.160373e+00
-4.382425e-01 2.162642e+00
-4.382425e-01 2.139762e+00
-4.382425e-01 2.087796e+00
-4.382425e-01 2.026050e+00
-4.382425e-01 1.963736e+00
-4.382425e-01 1.904899e+00
-4.382425e-01 1.851059e+00
-4.382425e-01 1.802546e+00
-4.382425e-01 1.759162e+00
-4.382425e-01 1.720501e+00
-4.382425e-01 1.686093e+00
-4.382425e-01 1.655475e+00
-4.382425e-01 1.628219e+00
-4.382425e-01 1.603940e+00
-4.382425e-01 1.582294e+00
-4.382425e-01 1.562980e+00
-4.382425e-01 1.545733e+00
-4.382425e-01 1.530321e+00
-4.382425e-01 1.516539e+00
-4.382425e-01 1.504206e+00
-4.382425e-01 1.493164e+00
-4.382425e-01 1.483272e+00
-4.382425e-01 1.474407e+00
-4.382425e-01 1.466458e+00
-4.382425e-01 1.459328e+00
-4.382425e-01 1.452931e+00
-4.382425e-01 1.447189e+00
-4.382425e-01 1.442034e+00
-4.382425e-01 1.437404e+00
-4.382425e-01 1.433246e+00
-4.382425e-01 1.429510e+00
-4.382425e-01 1.426152e+00
-4.382425e-01 1.423135e+00
-4.382425e-01 1.420423e+00
-4.382425e-01 1.417985e+00
-4.382425e-01 1.415793e+00
-4.382425e-01 1.413821e+00
-4.382425e-01 1.412049e+00
-4.382425e-01 1.410454e+00
-4.382425e-01 1.409020e+00
-4.382425e-01 1.407730e+00
-4.382425e-01 1.406570e+00
-4.382425e-01 1.405526e+00
-4.382425e-01 1.404587e+00
-4.382425e-01 1.403742e+00
-4.382425e-01 1.402982e+00
-4.382425e-01 1.402298e+00
4.575603e-01 1.401682e+00
4.575603e-01 1.401128e+00
4.575603e-01 1.400630e+00
4.575603e-01 1.400181e+00
4.575603e-01 1.275735e+00
4.575603e-01 1.029094e+00
4.575603e-01 7.730638e-01
4.575603e-01 5.491288e-01
4.575603e-01 3.654723e-01
4.575603e-01 2.183596e-01
4.575603e-01 1.011549e-01
4.575603e-01 7.491572e-03
4.575603e-01 -6.787828e-02
4.575603e-01 -1.290428e-01
4.575603e-01 -1.791199e-01
4.575603e-01 -2.204745e-01
4.575603e-01 -2.549048e-01
4.575603e-01 -2.837871e-01
4.575603e-01 -3.081828e-01
4.575603e-01 -3.289184e-01
4.575603e-01 -3.466436e-01
4.575603e-01 -3.618733e-01
4.575603e-01 -3.750195e-01
4.575603e-01 -3.864148e-01
4.575603e-01 -3.963296e-01
4.575603e-01 -4.049855e-01
4.575603e-01 -4.125654e-01
4.575603e-01 -4.192213e-01
4.575603e-01 -4.250803e-01
4.575603e-01 -4.302493e-01
4.575603e-01 -4.348187e-01
4.575603e-01 -4.388654e-01
4.575603e-01 -4.424549e-01
4.575603e-01 -4.456436e-01
4.575603e-01 -4.484799e-01
4.575603e-01 -4.510058e-01
4.575603e-01 -4.532576e-01
4.575603e-01 -4.552671e-01
4.575603e-01 -4.570617e-01
4.575603e-01 -4.586658e-01
4.575603e-01 -4.601006e-01
4.575603e-01 -4.613847e-01
4.575603e-01 -4.625347e-01
4.575603e-01 -4.635650e-01
4.575603e-01 -4.644886e-01
4.575603e-01 -4.653168e-01
4.575603e-01 -4.660597e-01
4.575603e-01 -4.667264e-01
4.575603e-01 -4.673249e-01
4.575603e-01 -4.678623e-01
2.164413e-01 -4.683449e-01
2.164413e-01 -4.687785e-01
2.164413e-01 -4.691680e-01
2.164413e-01 -4.695181e-01
2.164413e-01 -4.667872e-01
2.164413e-01 -4.602805e-01
2.164413e-01 -4.521253e-01
2.164413e-01 -4.434063e-01
2.164413e-01 -4.346897e-01
2.164413e-01 -4.262696e-01
2.164413e-01 -4.182925e-01
2.164413e-01 -4.108242e-01
2.164413e-01 -4.038858e-01
2.164413e-01 -3.974737e-01
2.164413e-01 -3.915706e-01
2.164413e-01 -3.861521e-01
2.164413e-01 -3.811901e-01
2.164413e-01 -3.766550e-01
2.164413e-01 -3.725169e-01
2.164413e-01 -3.687465e-01
2.164413e-01 -3.653154e-01
2.164413e-01 -3.621966e-01
2.164413e-01 -3.593645e-01
2.164413e-01 -3.567951e-01
2.164413e-01 -3.544657e-01
2.164413e-01 -3.523556e-01
2.164413e-01 -3.504452e-01
2.164413e-01 -3.487168e-01
2.164413e-01 -3.471537e-01
2.164413e-01 -3.457408e-01
2.164413e-01 -3.444643e-01
2.164413e-01 -3.433114e-01
2.164413e-01 -3.422704e-01
2.164413e-01 -3.413309e-01
2.164413e-01 -3.404831e-01
2.164413e-01 -3.397183e-01
2.164413e-01 -3.390286e-01
2.164413e-01 -3.384066e-01
2.164413e-01 -3.378459e-01
2.164413e-01 -3.373404e-01
2.164413e-01 -3.368848e-01
2.164413e-01 -3.364743e-01
2.164413e-01 -3.361043e-01
2.164413e-01 -3.357711e-01
2.164413e-01 -3.354708e-01
2.164413e-01 -3.352003e-01
2.164413e-01 -3.349567e-01
2.164413e-01 -3.347373e-01
2.164413e-01 -3.345397e-01
2.164413e-01 -3.343618e-01
-2.704549e-01 -3.342015e-01
-2.704549e-01 -3.340572e-01
-2.704549e-01 -3.339273e-01
-2.704549e-01 -3.338103e-01
-2.704549e-01 -3.191318e-01
-2.704549e-01 -2.851001e-01
-2.704549e-01 -2.401740e-01
-2.704549e-01 -1.888710e-01
-2.704549e-01 -1.339837e-01
-2.704549e-01 -7.738927e-02
-2.704549e-01 -2.040992e-02
-2.704549e-01 3.599893e-02
-2.704549e-01 9.113838e-02
-2.704549e-01 1.444973e-01
-2.704549e-01 1.957072e-01
-2.704549e-01 2.445113e-01
-2.704549e-01 2.907416e-01
-2.704549e-01 3.343023e-01
-2.704549e-01 3.751556e-01
-2.704549e-01 4.133102e-01
-2.704549e-01 4.488118e-01
-2.704549e-01 4.817349e-01
-2.704549e-01 5.121755e-01
-2.704549e-01 5.402450e-01
-2.704549e-01 5.660656e-01
-2.704549e-01 5.897660e-01
-2.704549e-01 6.114777e-01
-2.704549e-01 6.313325e-01
-2.704549e-01 6.494605e-01
-2.704549e-01 6.659884e-01
-2.704549e-01 6.810379e-01
-2.704549e-01 6.947256e-01
-2.704549e-01 7.071617e-01
-2.704549e-01 7.184501e-01
-2.704549e-01 7.286881e-01
-2.704549e-01 7.379664e-01
-2.704549e-01 7.463692e-01
-2.704549e-01 7.539744e-01
-2.704549e-01 7.608540e-01
-2.704549e-01 7.670741e-01
-2.704549e-01 7.726954e-01
-2.704549e-01 7.777734e-01
-2.704549e-01 7.823591e-01
-2.704549e-01 7.864988e-01
-2.704549e-01 7.902348e-01
-2.704549e-01 7.936055e-01
-2.704549e-01 7.966460e-01
-2.704549e-01 7.993880e-01
-2.704549e-01 8.018603e-01
-2.704549e-01 8.040891e-01
4.653253e-01 8.060981e-01
4.653253e-01 8.079086e-01
4.653253e-01 8.095401e-01
4.653253e-01 8.110101e-01
4.653253e-01 7.350534e-01
4.653253e-01 5.805326e-01
4.653253e-01 4.163625e-01
4.653253e-01 2.692716e-01
4.653253e-01 1.457631e-01
4.653253e-01 4.461103e-02
4.653253e-01 -3.764417e-02
4.653253e-01 -1.046181e-01
4.653253e-01 -1.594329e-01
4.653253e-01 -2.046035e-01
4.653253e-01 -2.421008e-01
4.653253e-01 -2.734551e-01
4.653253e-01 -2.998542e-01
4.653253e-01 -3.222242e-01
4.653253e-01 -3.412919e-01
4.653253e-01 -3.576323e-01
4.653253e-01 -3.717035e-01
4.653253e-01 -3.838742e-01
4.653253e-01 -3.944428e-01
4.653253e-01 -4.036532e-01
4.653253e-01 -4.117057e-01
4.653253e-01 -4.187665e-01
4.653253e-01 -4.249739e-01
4.653253e-01 -4.304438e-01
4.653253e-01 -4.352741e-01
4.653253e-01 -4.395478e-01
4.653253e-01 -4.433354e-01
4.653253e-01 -4.466975e-01
4.653253e-01 -4.496861e-01
4.653253e-01 -4.523458e-01
4.653253e-01 -4.547157e-01
4.653253e-01 -4.568294e-01
4.653253e-01 -4.587163e-01
4.653253e-01 -4.604021e-01
4.653253e-01 -4.619095e-01
4.653253e-01 -4.632582e-01
4.653253e-01 -4.644655e-01
4.653253e-01 -4.655470e-01
4.653253e-01 -4.665162e-01
4.653253e-01 -4.673851e-01
4.653253e-01 -4.681644e-01
4.653253e-01 -4.688637e-01
4.653253e-01 -4.694913e-01
4.653253e-01 -4.700547e-01
4.653253e-01 -4.705606e-01
4.653253e-01 -4.710151e-01
7.223697e-01 -4.714233e-01
7.223697e-01 -4.717902e-01
7.223697e-01 -4.721199e-01
7.223697e-01 -4.724163e-01
7.223697e-01 -4.741215e-01
7.223697e-01 -4.774712e-01
7.223697e-01 -4.813630e-01
7.223697e-01 -4.852707e-01
7.223697e-01 -4.889618e-01
7.223697e-01 -4.923477e-01
7.223697e-01 -4.954085e-01
7.223697e-01 -4.981551e-01
7.223697e-01 -5.006110e-01
7.223697e-01 -5.028038e-01
7.223697e-01 -5.047609e-01
7.223697e-01 -5.065078e-01
7.223697e-01 -5.080678e-01
7.223697e-01 -5.094618e-01
7.223697e-01 -5.107080e-01
7.223697e-01 -5.118229e-01
7.223697e-01 -5.128209e-01
7.223697e-01 -5.137147e-01
7.223697e-01 -5.145155e-01
7.223697e-01 -5.152334e-01
7.223697e-01 -5.158772e-01
7.223697e-01 -5.164548e-01
7.223697e-01 -5.169731e-01
7.223697e-01 -5.174384e-01
7.223697e-01 -5.178562e-01
7.223697e-01 -5.182314e-01
7.223697e-01 -5.185685e-01
7.223697e-01 -5.188713e-01
7.223697e-01 -5.191435e-01
7.223697e-01 -5.193881e-01
7.223697e-01 -5.196080e-01
7.223697e-01 -5.198057e-01
7.223697e-01 -5.199835e-01
7.223697e-01 -5.201433e-01
7.223697e-01 -5.202871e-01
7.223697e-01 -5.204164e-01
7.223697e-01 -5.205327e-01
7.223697e-01 -5.206373e-01
7.223697e-01 -5.207314e-01
7.223697e-01 -5.208161e-01
7.223697e-01 -5.208923e-01
7.223697e-01 -5.209608e-01
7.223697e-01 -5.210225e-01
7.223697e-01 -5.210780e-01
7.223697e-01 -5.211279e-01
7.223697e-01 -5.211728e-01
8.667274e-01 -5.212132e-01
8.667274e-01 -5.212496e-01
8.667274e-01 -5.212824e-01
8.667274e-01 -5.213118e-01
8.667274e-01 -5.216296e-01
8.667274e-01 -5.222888e-01
8.667274e-01 -5.230709e-01
8.667274e-01 -5.238694e-01
8.667274e-01 -5.246349e-01
8.667274e-01 -5.253465e-01
8.667274e-01 -5.259976e-01
8.667274e-01 -5.265883e-01
8.667274e-01 -5.271216e-01
8.667274e-01 -5.276020e-01
8.667274e-01 -5.280342e-01
8.667274e-01 -5.284227e-01
8.667274e-01 -5.287719e-01
8.667274e-01 -5.290857e-01
8.667274e-01 -5.293677e-01
8.667274e-01 -5.296212e-01
8.667274e-01 -5.298490e-01
8.667274e-01 -5.300538e-01
8.667274e-01 -5.302380e-01
8.667274e-01 -5.304036e-01
8.667274e-01 -5.305525e-01
8.667274e-01 -5.306864e-01
8.667274e-01 -5.308069e-01
8.667274e-01 -5.309152e-01
8.667274e-01 -5.310127e-01
8.667274e-01 -5.311004e-01
8.667274e-01 -5.311792e-01
8.667274e-01 -5.312502e-01
8.667274e-01 -5.313140e-01
8.667274e-01 -5.313715e-01
8.667274e-01 -5.314232e-01
8.667274e-01 -5.314697e-01
8.667274e-01 -5.315115e-01
8.667274e-01 -5.315492e-01
8.667274e-01 -5.315831e-01
8.667274e-01 -5.316136e-01
8.667274e-01 -5.316411e-01
8.667274e-01 -5.316658e-01
8.667274e-01 -5.316880e-01
8.667274e-01 -5.317080e-01
8.667274e-01 -5.317260e-01
8.667274e-01 -5.317422e-01
8.667274e-01 -5.317568e-01
8.667274e-01 -5.317699e-01
8.667274e-01 -5.317817e-01
8.667274e-01 -5.317924e-01
-9.126423e-01 -5.318020e-01
-9.126423e-01 -5.318106e-01
-9.126423e-01 -5.318183e-01
-9.126423e-01 -5.318253e-01
-9.126423e-01 -5.180887e-01
-9.126423e-01 -4.839992e-01
-9.126423e-01 -4.344543e-01
-9.126423e-01 -3.715755e-01
-9.126423e-01 -2.968635e-01
-9.126423e-01 -2.117688e-01
-9.126423e-01 -1.178228e-01
-9.126423e-01 -1.663476e-02
-9.126423e-01 9.015055e-02
-9.126423e-01 2.009044e-01
-9.126423e-01 3.140621e-01
-9.126423e-01 4.281642e-01
-9.126423e-01 5.418871e-01
-9.126423e-01 6.540645e-01
-9.126423e-01 7.636991e-01
-9.126423e-01 8.699648e-01
-9.126423e-01 9.722026e-01
-9.126423e-01 1.069911e+00
-9.126423e-01 1.162733e+00
-9.126423e-01 1.250437e+00
-9.126423e-01 1.332905e+00
-9.126423e-01 1.410111e+00
-9.126423e-01 1.482109e+00
-9.126423e-01 1.549011e+00
-9.126423e-01 1.610981e+00
-9.126423e-01 1.668219e+00
-9.126423e-01 1.720949e+00
-9.126423e-01 1.769415e+00
-9.126423e-01 1.813867e+00
-9.126423e-01 1.854562e+00
-9.126423e-01 1.891753e+00
-9.126423e-01 1.925692e+00
-9.126423e-01 1.956620e+00
-9.126423e-01 1.984770e+00
-9.126423e-01 2.010361e+00
-9.126423e-01 2.033605e+00
-9.126423e-01 2.054696e+00
-9.126423e-01 2.073820e+00
-9.126423e-01 2.091146e+00
-9.126423e-01 2.106834e+00
-9.126423e-01 2.121030e+00
-9.126423e-01 2.133869e+00
-9.126423e-01 2.145475e+00
-9.126423e-01 2.155962e+00
-9.126423e-01 2.165434e+00
-9.126423e-01 2.173987e+00
-7.783863e-01 2.181707e+00
-7.783863e-01 2.188674e+00
-7.783863e-01 2.194959e+00
-7.783863e-01 2.200627e+00
-7.783863e-01 2.202149e+00
-7.783863e-01 2.198903e+00
-7.783863e-01 2.193619e+00
-7.783863e-01 2.187661e+00
-7.783863e-01 2.181687e+00
-7.783863e-01 2.176003e+00
-7.783863e-01 2.170733e+00
-7.783863e-01 2.165915e+00
-7.783863e-01 2.161542e+00
-7.783863e-01 2.157590e+00
-7.783863e-01 2.154026e+00
-7.783863e-01 2.150816e+00
-7.783863e-01 2.147927e+00
-7.783863e-01 2.145328e+00
-7.783863e-01 2.142989e+00
-7.783863e-01 2.140886e+00
-7.783863e-01 2.138994e+00
-7.783863e-01 2.137291e+00
-7.783863e-01 2.135760e+00
-7.783863e-01 2.134382e+00
-7.783863e-01 2.133143e+00
-7.783863e-01 2.132028e+00
-7.783863e-01 2.131024e+00
-7.783863e-01 2.130122e+00
-7.783863e-01 2.129309e+00
-7.783863e-01 2.128578e+00
-7.783863e-01 2.127920e+00
-7.783863e-01 2.127328e+00
-7.783863e-01 2.126796e+00
-7.783863e-01 2.126316e+00
-7.783863e-01 2.125885e+00
-7.783863e-01 2.125497e+00
-7.783863e-01 2.125147e+00
-7.783863e-01 2.124833e+00
-7.783863e-01 2.124550e+00
-7.783863e-01 2.124295e+00
-7.783863e-01 2.124066e+00
-7.783863e-01 2.123859e+00
-7.783863e-01 2.123674e+00
-7.783863e-01 2.123506e+00
-7.783863e-01 2.123356e+00
-7.783863e-01 2.123221e+00
-7.783863e-01 2.123099e+00
-7.783863e-01 2.122989e+00
-7.783863e-01 2.122890e+00
-7.783863e-01 2.122801e+00
-3.377356e-01 2.122722e+00
-3.377356e-01 2.122650e+00
-3.377356e-01 2.122585e+00
-3.377356e-01 2.122526e+00
-3.377356e-01 2.086274e+00
-3.377356e-01 2.008670e+00
-3.377356e-01 1.918243e+00
-3.377356e-01 1.828339e+00
-3.377356e-01 1.744558e+00
-3.377356e-01 1.668789e+00
-3.377356e-01 1.601237e+00
-3.377356e-01 1.541400e+00
-3.377356e-01 1.488531e+00
-3.377356e-01 1.441840e+00
-3.377356e-01 1.400580e+00
-3.377356e-01 1.364079e+00
-3.377356e-01 1.331745e+00
-3.377356e-01 1.303064e+00
-3.377356e-01 1.277589e+00
-3.377356e-01 1.254933e+00
-3.377356e-01 1.234762e+00
-3.377356e-01 1.216783e+00
-3.377356e-01 1.200743e+00
-3.377356e-01 1.186421e+00
-3.377356e-01 1.173621e+00
-3.377356e-01 1.162175e+00
-3.377356e-01 1.151932e+00
-3.377356e-01 1.142760e+00
-3.377356e-01 1.134544e+00
-3.377356e-01 1.127180e+00
-3.377356e-01 1.120577e+00
-3.377356e-01 1.114654e+00
-3.377356e-01 1.109339e+00
-3.377356e-01 1.104569e+00
-3.377356e-01 1.100286e+00
-3.377356e-01 1.096439e+00
-3.377356e-01 1.092984e+00
-3.377356e-01 1.089880e+00
-3.377356e-01 1.087091e+00
-3.377356e-01 1.084584e+00
-3.377356e-01 1.082330e+00
-3.377356e-01 1.080304e+00
-3.377356e-01 1.078483e+00
-3.377356e-01 1.076845e+00
-3.377356e-01 1.075372e+00
-3.377356e-01 1.074047e+00
-3.377356e-01 1.072855e+00
-3.377356e-01 1.071783e+00
-3.377356e-01 1.070819e+00
-3.377356e-01 1.069952e+00
-3.229883e-01 1.069171e+00
-3.229883e-01 1.068469e+00
-3.229883e-01 1.067837e+00
-3.229883e-01 1.067269e+00
-3.229883e-01 1.065316e+00
-3.229883e-01 1.061710e+00
-3.229883e-01 1.057523e+00
-3.229883e-01 1.053277e+00
-3.229883e-01 1.049215e+00
-3.229883e-01 1.045440e+00
-3.229883e-01 1.041984e+00
-3.229883e-01 1.038846e+00
-3.229883e-01 1.036009e+00
-3.229883e-01 1.033450e+00
-3.229883e-01 1.031146e+00
-3.229883e-01 1.029072e+00
-3.229883e-01 1.027207e+00
-3.229883e-01 1.025529e+00
-3.229883e-01 1.024020e+00
-3.229883e-01 1.022662e+00
-3.229883e-01 1.021441e+00
-3.229883e-01 1.020343e+00
-3.229883e-01 1.019355e+00
-3.229883e-01 1.018466e+00
-3.229883e-01 1.017666e+00
-3.229883e-01 1.016947e+00
-3.229883e-01 1.016299e+00
-3.229883e-01 1.015717e+00
-3.229883e-01 1.015193e+00
-3.229883e-01 1.014721e+00
-3.229883e-01 1.014297e+00
-3.229883e-01 1.013915e+00
-3.229883e-01 1.013571e+00
-3.229883e-01 1.013262e+00
-3.229883e-01 1.012984e+00
-3.229883e-01 1.012733e+00
-3.229883e-01 1.012508e+00
-3.229883e-01 1.012305e+00
-3.229883e-01 1.012123e+00
-3.229883e-01 1.011958e+00
-3.229883e-01 1.011810e+00
-3.229883e-01 1.011677e+00
-3.229883e-01 1.011557e+00
-3.229883e-01 1.011450e+00
-3.229883e-01 1.011353e+00
-3.229883e-01 1.011265e+00
-3.229883e-01 1.011187e+00
-3.229883e-01 1.011116e+00
-3.229883e-01 1.011052e+00
-3.229883e-01 1.010995e+00
-4.640496e-01 1.010943e+00
-4.640496e-01 1.010897e+00
-4.640496e-01 1.010855e+00
-4.640496e-01 1.010817e+00
-4.640496e-01 1.022080e+00
-4.640496e-01 1.047016e+00
-4.640496e-01 1.077481e+00
-4.640496e-01 1.109392e+00
-4.640496e-01 1.140713e+00
-4.640496e-01 1.170468e+00
-4.640496e-01 1.198235e+00
-4.640496e-01 1.223879e+00
-4.640496e-01 1.247411e+00
-4.640496e-01 1.268920e+00
-4.640496e-01 1.288524e+00
-4.640496e-01 1.306357e+00
-4.640496e-01 1.322557e+00
-4.640496e-01 1.337256e+00
-4.640496e-01 1.350581e+00
-4.640496e-01 1.362651e+00
-4.640496e-01 1.373576e+00
-4.640496e-01 1.383459e+00
-4.640496e-01 1.392396e+00
-4.640496e-01 1.400473e+00
-4.640496e-01 1.407769e+00
-4.640496e-01 1.414358e+00
-4.640496e-01 1.420306e+00
-4.640496e-01 1.425675e+00
-4.640496e-01 1.430518e+00
-4.640496e-01 1.434888e+00
-4.640496e-01 1.438828e+00
-4.640496e-01 1.442381e+00
-4.640496e-01 1.445584e+00
-4.640496e-01 1.448471e+00
-4.640496e-01 1.451073e+00
-4.640496e-01 1.453417e+00
-4.640496e-01 1.455530e+00
-4.640496e-01 1.457433e+00
-4.640496e-01 1.459147e+00
-4.640496e-01 1.460692e+00
-4.640496e-01 1.462083e+00
-4.640496e-01 1.463336e+00
-4.640496e-01 1.464464e+00
-4.640496e-01 1.465480e+00
-4.640496e-01 1.466395e+00
-4.640496e-01 1.467219e+00
-4.640496e-01 1.467961e+00
-4.640496e-01 1.468629e+00
-4.640496e-01 1.469230e+00
-4.640496e-01 1.469771e+00
7.189394e-01 1.470259e+00
7.189394e-01 1.470698e+00
7.189394e-01 1.471093e+00
7.189394e-01 1.471448e+00
7.189394e-01 1.328002e+00
7.189394e-01 1.046114e+00
7.189394e-01 7.585360e-01
7.189394e-01 5.119363e-01
7.189394e-01 3.136742e-01
7.189394e-01 1.578441e-01
7.189394e-01 3.586025e-02
7.189394e-01 -6.006399e-02
7.189394e-01 -1.361309e-01
7.189394e-01 -1.970485e-01
7.189394e-01 -2.463303e-01
7.189394e-01 -2.865915e-01
7.189394e-01 -3.197874e-01
7.189394e-01 -3.473915e-01
7.189394e-01 -3.705247e-01
7.189394e-01 -3.900483e-01
7.189394e-01 -4.066312e-01
7.189394e-01 -4.207978e-01
7.189394e-01 -4.329634e-01
7.189394e-01 -4.434597e-01
7.189394e-01 -4.525541e-01
7.189394e-01 -4.604638e-01
7.189394e-01 -4.673669e-01
7.189394e-01 -4.734100e-01
7.189394e-01 -4.787150e-01
7.189394e-01 -4.833837e-01
7.189394e-01 -4.875016e-01
7.189394e-01 -4.911412e-01
7.189394e-01 -4.943637e-01
7.189394e-01 -4.972218e-01
7.189394e-01 -4.997603e-01
7.189394e-01 -5.020180e-01
7.189394e-01 -5.040284e-01
7.189394e-01 -5.058204e-01
7.189394e-01 -5.074194e-01
7.189394e-01 -5.088474e-01
7.189394e-01 -5.101236e-01
7.189394e-01 -5.112650e-01
7.189394e-01 -5.122866e-01
7.189394e-01 -5.132013e-01
7.189394e-01 -5.140208e-01
7.189394e-01 -5.147554e-01
7.189394e-01 -5.154141e-01
7.189394e-01 -5.160050e-01
7.189394e-01 -5.165352e-01
7.189394e-01 -5.170112e-01
-7.854235e-01 -5.174385e-01
-7.854235e-01 -5.178223e-01
-7.854235e-01 -5.181671e-01
-7.854235e-01 -5.184769e-01
-7.854235e-01 -5.044991e-01
-7.854235e-01 -4.696093e-01
-7.854235e-01 -4.192093e-01
-7.854235e-01 -3.557520e-01
-7.854235e-01 -2.809689e-01
-7.854235e-01 -1.964627e-01
-7.854235e-01 -1.038504e-01
-7.854235e-01 -4.770675e-03
-7.854235e-01 9.914860e-02
-7.854235e-01 2.063308e-01
-7.854235e-01 3.152893e-01
-7.854235e-01 4.246590e-01
-7.854235e-01 5.332195e-01
-7.854235e-01 6.399103e-01
-7.854235e-01 7.438366e-01
-7.854235e-01 8.442683e-01
-7.854235e-01 9.406333e-01
-7.854235e-01 1.032506e+00
-7.854235e-01 1.119593e+00
-7.854235e-01 1.201718e+00
-7.854235e-01 1.278802e+00
-7.854235e-01 1.350854e+00
-7.854235e-01 1.417948e+00
-7.854235e-01 1.480214e+00
-7.854235e-01 1.537823e+00
-7.854235e-01 1.590976e+00
-7.854235e-01 1.639898e+00
-7.854235e-01 1.684824e+00
-7.854235e-01 1.725999e+00
-7.854235e-01 1.763668e+00
-7.854235e-01 1.798073e+00
-7.854235e-01 1.829451e+00
-7.854235e-01 1.858031e+00
-7.854235e-01 1.884032e+00
-7.854235e-01 1.907661e+00
-7.854235e-01 1.929114e+00
-7.854235e-01 1.948575e+00
-7.854235e-01 1.966214e+00
-7.854235e-01 1.982191e+00
-7.854235e-01 1.996654e+00
-7.854235e-01 2.009738e+00
-7.854235e-01 2.021570e+00
-7.854235e-01 2.032264e+00
-7.854235e-01 2.041925e+00
-7.854235e-01 2.050650e+00
-7.854235e-01 2.058527e+00
-6.121445e-01 2.065636e+00
-6.121445e-01 2.072051e+00
-6.121445e-01 2.077838e+00
-6.121445e-01 2.083056e+00
-6.121445e-01 2.079808e+00
-6.121445e-01 2.066695e+00
-6.121445e-01 2.049749e+00
-6.121445e-01 2.031935e+00
-6.121445e-01 2.014648e+00
-6.121445e-01 1.998493e+00
-6.121445e-01 1.983682e+00
-6.121445e-01 1.970240e+00
-6.121445e-01 1.958107e+00
-6.121445e-01 1.947187e+00
-6.121445e-01 1.937372e+00
-6.121445e-01 1.928556e+00
-6.121445e-01 1.920640e+00
-6.121445e-01 1.913532e+00
-6.121445e-01 1.907149e+00
-6.121445e-01 1.901416e+00
-6.121445e-01 1.896266e+00
-6.121445e-01 1.891640e+00
-6.121445e-01 1.887482e+00
-6.121445e-01 1.883746e+00
-6.121445e-01 1.880387e+00
-6.121445e-01 1.877368e+00
-6.121445e-01 1.874653e+00
-6.121445e-01 1.872212e+00
-6.121445e-01 1.870017e+00
-6.121445e-01 1.868043e+00
-6.121445e-01 1.866267e+00
-6.121445e-01 1.864670e+00
-6.121445e-01 1.863234e+00
-6.121445e-01 1.861941e+00
-6.121445e-01 1.860778e+00
-6.121445e-01 1.859732e+00
-6.121445e-01 1.858791e+00
-6.121445e-01 1.857944e+00
-6.121445e-01 1.857182e+00
-6.121445e-01 1.856496e+00
-6.121445e-01 1.855879e+00
-6.121445e-01 1.855323e+00
-6.121445e-01 1.854824e+00
-6.121445e-01 1.854374e+00
-6.121445e-01 1.853969e+00
-6.121445e-01 1.853605e+00
-6.121445e-01 1.853277e+00
-6.121445e-01 1.852982e+00
-6.121445e-01 1.852717e+00
-6.121445e-01 1.852478e+00
-3.125931e-01 1.852263e+00
-3.125931e-01 1.852069e+00
-3.125931e-01 1.851895e+00
-3.125931e-01 1.851738e+00
-3.125931e-01 1.822313e+00
-3.125931e-01 1.759310e+00
-3.125931e-01 1.685684e+00
-3.125931e-01 1.612229e+00
-3.125931e-01 1.543534e+00
-3.125931e-01 1.481196e+00
-3.125931e-01 1.425443e+00
-3.125931e-01 1.375915e+00
-3.125931e-01 1.332039e+00
-3.125931e-01 1.293197e+00
-3.125931e-01 1.258799e+00
-3.125931e-01 1.228309e+00
-3.125931e-01 1.201253e+00
-3.125931e-01 1.177216e+00
-3.125931e-01 1.155836e+00
-3.125931e-01 1.136797e+00
-3.125931e-01 1.119827e+00
-3.125931e-01 1.104685e+00
-3.125931e-01 1.091164e+00
-3.125931e-01 1.079081e+00
-3.125931e-01 1.068274e+00
-3.125931e-01 1.058603e+00
-3.125931e-01 1.049943e+00
-3.125931e-01 1.042185e+00
-3.125931e-01 1.035232e+00
-3.125931e-01 1.028997e+00
-3.125931e-01 1.023404e+00
-3.125931e-01 1.018385e+00
-3.125931e-01 1.013881e+00
-3.125931e-01 1.009836e+00
-3.125931e-01 1.006204e+00
-3.125931e-01 1.002941e+00
-3.125931e-01 1.000010e+00
-3.125931e-01 9.973754e-01
-3.125931e-01 9.950078e-01
-3.125931e-01 9.928796e-01
-3.125931e-01 9.909663e-01
-3.125931e-01 9.892461e-01
-3.125931e-01 9.876992e-01
-3.125931e-01 9.863080e-01
-3.125931e-01 9.850568e-01
-3.125931e-01 9.839315e-01
-3.125931e-01 9.829192e-01
-3.125931e-01 9.820085e-01
-3.125931e-01 9.811893e-01
-3.125931e-01 9.804523e-01
2.477637e-01 9.797891e-01
2.477637e-01 9.791925e-01
2.477637e-01 9.786556e-01
2.477637e-01 9.781726e-01
2.477637e-01 9.059281e-01
2.477637e-01 7.590689e-01
2.477637e-01 6.002721e-01
2.477637e-01 4.549088e-01
2.477637e-01 3.301403e-01
2.477637e-01 2.257783e-01
2.477637e-01 1.392285e-01
2.477637e-01 6.747549e-02
2.477637e-01 7.777933e-03
2.477637e-01 -4.215270e-02
2.477637e-01 -8.416137e-02
2.477637e-01 -1.197156e-01
2.477637e-01 -1.499791e-01
2.477637e-01 -1.758768e-01
2.477637e-01 -1.981475e-01
2.477637e-01 -2.173852e-01
2.477637e-01 -2.340705e-01
2.477637e-01 -2.485956e-01
2.477637e-01 -2.612821e-01
2.477637e-01 -2.723961e-01
2.477637e-01 -2.821588e-01
2.477637e-01 -2.907554e-01
2.477637e-01 -2.983417e-01
2.477637e-01 -3.050498e-01
2.477637e-01 -3.109918e-01
2.477637e-01 -3.162637e-01
2.477637e-01 -3.209477e-01
2.477637e-01 -3.251149e-01
2.477637e-01 -3.288265e-01
2.477637e-01 -3.321358e-01
2.477637e-01 -3.350893e-01
2.477637e-01 -3.377274e-01
2.477637e-01 -3.400856e-01
2.477637e-01 -3.421950e-01
2.477637e-01 -3.440832e-01
2.477637e-01 -3.457741e-01
2.477637e-01 -3.472893e-01
2.477637e-01 -3.486475e-01
2.477637e-01 -3.498656e-01
2.477637e-01 -3.509583e-01
2.477637e-01 -3.519390e-01
2.477637e-01 -3.528193e-01
2.477637e-01 -3.536098e-01
2.477637e-01 -3.543197e-01
2.477637e-01 -3.549575e-01
2.477637e-01 -3.555305e-01
1.648732e-01 -3.560455e-01
1.648732e-01 -3.565084e-01
1.648732e-01 -3.569245e-01
1.648732e-01 -3.572985e-01
1.648732e-01 -3.555733e-01
1.648732e-01 -3.513296e-01
1.648732e-01 -3.460639e-01
1.648732e-01 -3.405251e-01
1.648732e-01 -3.350842e-01
1.648732e-01 -3.299179e-01
1.648732e-01 -3.251019e-01
1.648732e-01 -3.206599e-01
1.648732e-01 -3.165888e-01
1.648732e-01 -3.128727e-01
1.648732e-01 -3.094896e-01
1.648732e-01 -3.064153e-01
1.648732e-01 -3.036255e-01
1.648732e-01 -3.010965e-01
1.648732e-01 -2.988059e-01
1.648732e-01 -2.967326e-01
1.648732e-01 -2.948571e-01
1.648732e-01 -2.931615e-01
1.648732e-01 -2.916292e-01
1.648732e-01 -2.902450e-01
1.648732e-01 -2.889951e-01
1.648732e-01 -2.878668e-01
1.648732e-01 -2.868486e-01
1.648732e-01 -2.859299e-01
1.648732e-01 -2.851014e-01
1.648732e-01 -2.843541e-01
1.648732e-01 -2.836804e-01
1.648732e-01 -2.830730e-01
1.648732e-01 -2.825256e-01
1.648732e-01 -2.820323e-01
1.648732e-01 -2.815877e-01
1.648732e-01 -2.811872e-01
1.648732e-01 -2.808263e-01
1.648732e-01 -2.805013e-01
1.648732e-01 -2.802085e-01
1.648732e-01 -2.799447e-01
1.648732e-01 -2.797072e-01
1.648732e-01 -2.794933e-01
1.648732e-01 -2.793007e-01
1.648732e-01 -2.791272e-01
1.648732e-01 -2.789711e-01
1.648732e-01 -2.788304e-01
1.648732e-01 -2.787038e-01
1.648732e-01 -2.785898e-01
1.648732e-01 -2.784872e-01
1.648732e-01 -2.783948e-01
-9.762984e-01 -2.783116e-01
-9.762984e-01 -2.782367e-01
-9.762984e-01 -2.781693e-01
-9.762984e-01 -2.781086e-01
-9.762984e-01 -2.547831e-01
-9.762984e-01 -1.992602e-01
-9.762984e-01 -1.232895e-01
-9.762984e-01 -3.306497e-02
-9.762984e-01 6.729595e-02
-9.762984e-01 1.746707e-01
-9.762984e-01 2.865373e-01
-9.762984e-01 4.008034e-01
-9.762984e-01 5.157178e-01
-9.762984e-01 6.298179e-01
-9.762984e-01 7.418946e-01
-9.762984e-01 8.509651e-01
-9.762984e-01 9.562508e-01
-9.762984e-01 1.057156e+00
-9.762984e-01 1.153249e+00
-9.762984e-01 1.244238e+00
-9.762984e-01 1.329957e+00
-9.762984e-01 1.410342e+00
-9.762984e-01 1.485416e+00
-9.762984e-01 1.555271e+00
-9.762984e-01 1.620055e+00
-9.762984e-01 1.679956e+00
-9.762984e-01 1.735194e+00
-9.762984e-01 1.786009e+00
-9.762984e-01 1.832653e+00
-9.762984e-01 1.875385e+00
-9.762984e-01 1.914463e+00
-9.762984e-01 1.950144e+00
-9.762984e-01 1.982676e+00
-9.762984e-01 2.012300e+00
-9.762984e-01 2.039243e+00
-9.762984e-01 2.063723e+00
-9.762984e-01 2.085944e+00
-9.762984e-01 2.106098e+00
-9.762984e-01 2.124363e+00
-9.762984e-01 2.140905e+00
-9.762984e-01 2.155877e+00
-9.762984e-01 2.169420e+00
-9.762984e-01 2.181665e+00
-9.762984e-01 2.192732e+00
-9.762984e-01 2.202729e+00
-9.762984e-01 2.211757e+00
-9.762984e-01 2.219907e+00
-9.762984e-01 2.227262e+00
-9.762984e-01 2.233898e+00
-9.762984e-01 2.239884e+00
-6.478538e-01 2.245283e+00
-6.478538e-01 2.250150e+00
-6.478538e-01 2.254538e+00
-6.478538e-01 2.258493e+00
-6.478538e-01 2.251271e+00
-6.478538e-01 2.230991e+00
-6.478538e-01 2.205844e+00
-6.478538e-01 2.179827e+00
-6.478538e-01 2.154794e+00
-6.478538e-01 2.131524e+00
-6.478538e-01 2.110271e+00
-6.478538e-01 2.091038e+00
-6.478538e-01 2.073716e+00
-6.478538e-01 2.058155e+00
-6.478538e-01 2.044190e+00
-6.478538e-01 2.031666e+00
-6.478538e-01 2.020433e+00
-6.478538e-01 2.010357e+00
-6.478538e-01 2.001319e+00
-6.478538e-01 1.993207e+00
-6.478538e-01 1.985927e+00
-6.478538e-01 1.979390e+00
-6.478538e-01 1.973520e+00
-6.478538e-01 1.968247e+00
-6.478538e-01 1.963510e+00
-6.478538e-01 1.959254e+00
-6.478538e-01 1.955428e+00
-6.478538e-01 1.951990e+00
-6.478538e-01 1.948898e+00
-6.478538e-01 1.946119e+00
-6.478538e-01 1.943620e+00
-6.478538e-01 1.941373e+00
-6.478538e-01 1.939351e+00
-6.478538e-01 1.937533e+00
-6.478538e-01 1.935898e+00
-6.478538e-01 1.934427e+00
-6.478538e-01 1.933104e+00
-6.478538e-01 1.931913e+00
-6.478538e-01 1.930842e+00
-6.478538e-01 1.929878e+00
-6.478538e-01 1.929011e+00
-6.478538e-01 1.928231e+00
-6.478538e-01 1.927529e+00
-6.478538e-01 1.926897e+00
-6.478538e-01 1.926328e+00
-6.478538e-01 1.925817e+00
-6.478538e-01 1.925356e+00
-6.478538e-01 1.924942e+00
-6.478538e-01 1.924569e+00
-6.478538e-01 1.924233e+00
-4.780328e-01 1.923931e+00
-4.780328e-01 1.923659e+00
-4.780328e-01 1.923415e+00
-4.780328e-01 1.923194e+00
-4.780328e-01 1.910939e+00
-4.780328e-01 1.884588e+00
-4.780328e-01 1.853312e+00
-4.780328e-01 1.821541e+00
-4.780328e-01 1.791283e+00
-4.780328e-01 1.763343e+00
-4.780328e-01 1.737947e+00
-4.780328e-01 1.715050e+00
-4.780328e-01 1.694491e+00
-4.780328e-01 1.676068e+00
-4.780328e-01 1.659573e+00
-4.780328e-01 1.644805e+00
-4.780328e-01 1.631583e+00
-4.780328e-01 1.619741e+00
-4.780328e-01 1.609132e+00
-4.780328e-01 1.599622e+00
-4.780328e-01 1.591096e+00
-4.780328e-01 1.583448e+00
-4.780328e-01 1.576586e+00
-4.780328e-01 1.570427e+00
-4.780328e-01 1.564898e+00
-4.780328e-01 1.559932e+00
-4.780328e-01 1.555472e+00
-4.780328e-01 1.551466e+00
-4.780328e-01 1.547865e+00
-4.780328e-01 1.544629e+00
-4.780328e-01 1.541721e+00
-4.780328e-01 1.539106e+00
-4.780328e-01 1.536755e+00
-4.780328e-01 1.534641e+00
-4.780328e-01 1.532740e+00
-4.780328e-01 1.531031e+00
-4.780328e-01 1.529493e+00
-4.780328e-01 1.528110e+00
-4.780328e-01 1.526866e+00
-4.780328e-01 1.525746e+00
-4.780328e-01 1.524739e+00
-4.780328e-01 1.523833e+00
-4.780328e-01 1.523018e+00
-4.780328e-01 1.522284e+00
-4.780328e-01 1.521624e+00
-4.780328e-01 1.521031e+00
-4.780328e-01 1.520496e+00
-4.780328e-01 1.520015e+00
-4.780328e-01 1.519582e+00
-4.780328e-01 1.519193e+00
-2.975065e-01 1.518842e+00
-2.975065e-01 1.518527e+00
-2.975065e-01 1.518243e+00
-2.975065e-01 1.517988e+00
-2.975065e-01 1.498818e+00
-2.975065e-01 1.457756e+00
-2.975065e-01 1.409465e+00
-2.975065e-01 1.360919e+00
-2.975065e-01 1.315166e+00
-2.975065e-01 1.273340e+00
-2.975065e-01 1.235674e+00
-2.975065e-01 1.202001e+00
-2.975065e-01 1.171999e+00
-2.975065e-01 1.145302e+00
-2.975065e-01 1.121548e+00
-2.975065e-01 1.100403e+00
-2.975065e-01 1.081568e+00
-2.975065e-01 1.064777e+00
-2.975065e-01 1.049796e+00
-2.975065e-01 1.036418e+00
-2.975065e-01 1.024464e+00
-2.975065e-01 1.013774e+00
-2.975065e-01 1.004208e+00
-2.975065e-01 9.956437e-01
-2.975065e-01 9.879718e-01
-2.975065e-01 9.810961e-01
-2.975065e-01 9.749313e-01
-2.975065e-01 9.694017e-01
-2.975065e-01 9.644402e-01
-2.975065e-01 9.599871e-01
-2.975065e-01 9.559890e-01
-2.975065e-01 9.523986e-01
-2.975065e-01 9.491736e-01
-2.975065e-01 9.462762e-01
-2.975065e-01 9.436726e-01
-2.975065e-01 9.413327e-01
-2.975065e-01 9.392294e-01
-2.975065e-01 9.373385e-01
-2.975065e-01 9.356384e-01
-2.975065e-01 9.341097e-01
-2.975065e-01 9.327350e-01
-2.975065e-01 9.314986e-01
-2.975065e-01 9.303865e-01
-2.975065e-01 9.293862e-01
-2.975065e-01 9.284863e-01
-2.975065e-01 9.276768e-01
-2.975065e-01 9.269485e-01
-2.975065e-01 9.262933e-01
-2.975065e-01 9.257037e-01
-2.975065e-01 9.251732e-01
-1.918658e-01 9.246959e-01
