0.000000e+000 0.000000e+000
0.000000e+000 0.000000e+000
0.000000e+000 0.000000e+000
0.000000e+000 0.000000e+000
0.000000e+000 0.000000e+000
0.000000e+000 0.000000e+000
0.000000e+000 0.000000e+000
0.000000e+000 0.000000e+000
0.000000e+000 0.000000e+000
0.000000e+000 0.000000e+000
0.000000e+000 0.000000e+000
0.000000e+000 0.000000e+000
0.000000e+000 0.000000e+000
0.000000e+000 0.000000e+000
0.000000e+000 0.000000e+000
0.000000e+000 0.000000e+000
0.000000e+000 0.000000e+000
0.000000e+000 0.000000e+000
0.000000e+000 0.000000e+000
9.681702e-001 0.000000e+000
9.681702e-001 2.092356e-002
9.681702e-001 8.653207e-002
9.681702e-001 2.530444e-001
9.681702e-001 5.396290e-001
9.681702e-001 8.538667e-001
9.681702e-001 1.060709e+000
9.681702e-001 1.095682e+000
9.681702e-001 9.926845e-001
9.681702e-001 8.307838e-001
9.681702e-001 6.759818e-001
9.681702e-001 5.602588e-001
9.681702e-001 4.895270e-001
9.681702e-001 4.578972e-001
9.681702e-001 4.564793e-001
9.681702e-001 4.762146e-001
9.681702e-001 5.080424e-001
9.681702e-001 5.430495e-001
9.681702e-001 5.734981e-001
9.681702e-001 5.942307e-001
9.681702e-001 6.034805e-001
9.681702e-001 6.025690e-001
9.681702e-001 5.947358e-001
9.681702e-001 5.837469e-001
9.681702e-001 5.728334e-001
9.681702e-001 5.641594e-001
9.681702e-001 5.587433e-001
9.681702e-001 5.566467e-001
9.681702e-001 5.572742e-001
9.681702e-001 5.596863e-001
2.036281e+000 5.628759e-001
2.036281e+000 5.741837e-001
2.036281e+000 5.933484e-001
2.036281e+000 6.145407e-001
2.036281e+000 6.330060e-001
2.036281e+000 6.457446e-001
2.036281e+000 6.517574e-001
2.036281e+000 6.517656e-001
2.036281e+000 6.475647e-001
2.036281e+000 6.412942e-001
2.036281e+000 6.348580e-001
2.036281e+000 6.295968e-001
2.036281e+000 6.261976e-001
2.036281e+000 6.247673e-001
2.036281e+000 6.249947e-001
2.036281e+000 6.263374e-001
2.036281e+000 6.281955e-001
2.036281e+000 6.300451e-001
2.036281e+000 6.315188e-001
2.036281e+000 6.324334e-001
2.036281e+000 6.327725e-001
2.036281e+000 6.326406e-001
2.036281e+000 6.322053e-001
2.036281e+000 6.316452e-001
2.036281e+000 6.311097e-001
2.036281e+000 6.306986e-001
2.036281e+000 6.304567e-001
2.036281e+000 6.303815e-001
2.036281e+000 6.304380e-001
2.036281e+000 6.305754e-001
2.036281e+000 6.307420e-001
2.036281e+000 6.308957e-001
2.036281e+000 6.310096e-001
2.036281e+000 6.310730e-001
2.036281e+000 6.310882e-001
2.036281e+000 6.310666e-001
2.036281e+000 6.310237e-001
2.036281e+000 6.309744e-001
2.036281e+000 6.309305e-001
2.036281e+000 6.308991e-001
2.036281e+000 6.308828e-001
2.036281e+000 6.308803e-001
2.036281e+000 6.308880e-001
2.036281e+000 6.309012e-001
2.036281e+000 6.309157e-001
2.036281e+000 6.309282e-001
2.036281e+000 6.309368e-001
2.036281e+000 6.309409e-001
2.036281e+000 6.309411e-001
2.036281e+000 6.309385e-001
-1.220347e+000 6.309344e-001
-1.220347e+000 3.044874e-001
-1.220347e+000 3.694703e-002
-1.220347e+000 -9.182688e-002
-1.220347e+000 -5.382207e-001
-1.220347e+000 -1.309382e+000
-1.220347e+000 -1.923130e+000
-1.220347e+000 -2.033458e+000
-1.220347e+000 -1.713678e+000
-1.220347e+000 -1.245441e+000
-1.220347e+000 -8.445325e-001
-1.220347e+000 -5.813337e-001
-1.220347e+000 -4.388102e-001
-1.220347e+000 -3.801674e-001
-1.220347e+000 -3.776171e-001
-1.220347e+000 -4.137265e-001
-1.220347e+000 -4.746440e-001
-1.220347e+000 -5.452809e-001
-1.220347e+000 -6.096465e-001
-1.220347e+000 -6.549578e-001
-1.220347e+000 -6.755482e-001
-1.220347e+000 -6.735091e-001
-1.220347e+000 -6.560758e-001
-1.220347e+000 -6.318981e-001
-1.220347e+000 -6.082130e-001
-1.220347e+000 -5.896246e-001
-1.220347e+000 -5.781255e-001
-1.220347e+000 -5.736966e-001
-1.220347e+000 -5.750207e-001
-1.220347e+000 -5.801216e-001
-1.220347e+000 -5.868920e-001
-1.220347e+000 -5.935048e-001
-1.220347e+000 -5.986826e-001
-1.220347e+000 -6.018025e-001
-1.220347e+000 -6.028424e-001
-1.220347e+000 -6.022126e-001
-1.220347e+000 -6.005422e-001
-1.220347e+000 -5.984814e-001
-1.220347e+000 -5.965615e-001
-1.220347e+000 -5.951237e-001
-1.220347e+000 -5.943093e-001
-1.220347e+000 -5.940929e-001
-1.220347e+000 -5.943380e-001
-1.220347e+000 -5.948575e-001
-1.220347e+000 -5.954654e-001
-1.220347e+000 -5.960138e-001
-1.220347e+000 -5.964107e-001
-1.220347e+000 -5.966221e-001
-1.220347e+000 -5.966613e-001
-1.220347e+000 -5.965721e-001
-3.715699e-001 -5.964108e-001
-3.715699e-001 -5.522838e-001
-3.715699e-001 -4.713591e-001
-3.715699e-001 -3.894351e-001
-3.715699e-001 -3.257158e-001
-3.715699e-001 -2.851734e-001
-3.715699e-001 -2.656382e-001
-3.715699e-001 -2.627248e-001
-3.715699e-001 -2.716912e-001
-3.715699e-001 -2.877322e-001
-3.715699e-001 -3.060962e-001
-3.715699e-001 -3.225885e-001
-3.715699e-001 -3.342911e-001
-3.715699e-001 -3.400288e-001
-3.715699e-001 -3.402847e-001
-3.715699e-001 -3.366394e-001
-3.715699e-001 -3.310498e-001
-3.715699e-001 -3.252654e-001
-3.715699e-001 -3.205094e-001
-3.715699e-001 -3.174044e-001
-3.715699e-001 -3.160533e-001
-3.715699e-001 -3.161886e-001
-3.715699e-001 -3.173378e-001
-3.715699e-001 -3.189720e-001
-3.715699e-001 -3.206225e-001
-3.715699e-001 -3.219545e-001
-3.715699e-001 -3.227954e-001
-3.715699e-001 -3.231223e-001
-3.715699e-001 -3.230232e-001
-3.715699e-001 -3.226460e-001
-3.715699e-001 -3.221500e-001
-3.715699e-001 -3.216702e-001
-3.715699e-001 -3.212978e-001
-3.715699e-001 -3.210748e-001
-3.715699e-001 -3.210009e-001
-3.715699e-001 -3.210460e-001
-3.715699e-001 -3.211655e-001
-3.715699e-001 -3.213132e-001
-3.715699e-001 -3.214510e-001
-3.715699e-001 -3.215545e-001
-3.715699e-001 -3.216131e-001
-3.715699e-001 -3.216287e-001
-3.715699e-001 -3.216109e-001
-3.715699e-001 -3.215734e-001
-3.715699e-001 -3.215296e-001
-3.715699e-001 -3.214901e-001
-3.715699e-001 -3.214616e-001
-3.715699e-001 -3.214464e-001
-3.715699e-001 -3.214436e-001
-3.715699e-001 -3.214500e-001
2.532829e-002 -3.214616e-001
2.532829e-002 -2.269216e-001
2.532829e-002 -1.014773e-001
2.532829e-002 -2.827161e-002
2.532829e-002 9.487617e-003
2.532829e-002 3.994315e-002
2.532829e-002 6.163409e-002
2.532829e-002 6.551487e-002
2.532829e-002 5.427256e-002
2.532829e-002 3.764550e-002
2.532829e-002 2.263878e-002
2.532829e-002 1.151953e-002
2.532829e-002 4.424548e-003
2.532829e-002 1.080642e-003
2.532829e-002 9.271124e-004
2.532829e-002 3.033604e-003
2.532829e-002 6.323367e-003
2.532829e-002 9.827748e-003
2.532829e-002 1.280893e-002
2.532829e-002 1.481473e-002
2.532829e-002 1.570511e-002
2.532829e-002 1.561754e-002
2.532829e-002 1.486356e-002
2.532829e-002 1.380263e-002
2.532829e-002 1.274458e-002
2.532829e-002 1.189998e-002
2.532829e-002 1.137073e-002
2.532829e-002 1.116543e-002
2.532829e-002 1.122687e-002
2.532829e-002 1.146293e-002
2.532829e-002 1.177462e-002
2.532829e-002 1.207730e-002
2.532829e-002 1.231311e-002
2.532829e-002 1.245471e-002
2.532829e-002 1.250183e-002
2.532829e-002 1.247330e-002
2.532829e-002 1.239757e-002
2.532829e-002 1.230398e-002
2.532829e-002 1.221665e-002
2.532829e-002 1.215116e-002
2.532829e-002 1.211402e-002
2.532829e-002 1.210415e-002
2.532829e-002 1.211533e-002
2.532829e-002 1.213902e-002
2.532829e-002 1.216672e-002
2.532829e-002 1.219171e-002
2.532829e-002 1.220978e-002
2.532829e-002 1.221941e-002
2.532829e-002 1.222119e-002
2.532829e-002 1.221713e-002
6.926398e-001 1.220979e-002
6.926398e-001 3.255740e-002
6.926398e-001 9.721814e-002
6.926398e-001 2.455734e-001
6.926398e-001 4.818045e-001
6.926398e-001 7.304052e-001
6.926398e-001 8.909105e-001
6.926398e-001 9.178956e-001
6.926398e-001 8.383952e-001
6.926398e-001 7.124511e-001
6.926398e-001 5.906520e-001
6.926398e-001 4.984476e-001
6.926398e-001 4.414632e-001
6.926398e-001 4.157926e-001
6.926398e-001 4.146343e-001
6.926398e-001 4.306619e-001
6.926398e-001 4.564141e-001
6.926398e-001 4.846094e-001
6.926398e-001 5.090321e-001
6.926398e-001 5.256124e-001
6.926398e-001 5.329983e-001
6.926398e-001 5.322727e-001
6.926398e-001 5.260206e-001
6.926398e-001 5.172394e-001
6.926398e-001 5.085070e-001
6.926398e-001 5.015581e-001
6.926398e-001 4.972152e-001
6.926398e-001 4.955329e-001
6.926398e-001 4.960358e-001
6.926398e-001 4.979701e-001
6.926398e-001 5.005273e-001
6.926398e-001 5.030137e-001
6.926398e-001 5.049529e-001
6.926398e-001 5.061183e-001
6.926398e-001 5.065063e-001
6.926398e-001 5.062716e-001
6.926398e-001 5.056483e-001
6.926398e-001 5.048783e-001
6.926398e-001 5.041599e-001
6.926398e-001 5.036213e-001
6.926398e-001 5.033160e-001
6.926398e-001 5.032348e-001
6.926398e-001 5.033267e-001
6.926398e-001 5.035214e-001
6.926398e-001 5.037492e-001
6.926398e-001 5.039546e-001
6.926398e-001 5.041033e-001
6.926398e-001 5.041825e-001
6.926398e-001 5.041972e-001
6.926398e-001 5.041637e-001
1.197617e+000 5.041034e-001
1.197617e+000 5.154402e-001
1.197617e+000 5.387465e-001
1.197617e+000 5.665102e-001
1.197617e+000 5.921329e-001
1.197617e+000 6.109634e-001
1.197617e+000 6.209475e-001
1.197617e+000 6.225258e-001
1.197617e+000 6.178654e-001
1.197617e+000 6.098318e-001
1.197617e+000 6.011064e-001
1.197617e+000 5.936589e-001
1.197617e+000 5.885753e-001
1.197617e+000 5.861350e-001
1.197617e+000 5.860169e-001
1.197617e+000 5.875466e-001
1.197617e+000 5.899295e-001
1.197617e+000 5.924382e-001
1.197617e+000 5.945339e-001
1.197617e+000 5.959194e-001
1.197617e+000 5.965283e-001
1.197617e+000 5.964707e-001
1.197617e+000 5.959579e-001
1.197617e+000 5.952298e-001
1.197617e+000 5.944968e-001
1.197617e+000 5.939071e-001
1.197617e+000 5.935354e-001
1.197617e+000 5.933904e-001
1.197617e+000 5.934331e-001
1.197617e+000 5.935987e-001
1.197617e+000 5.938171e-001
1.197617e+000 5.940289e-001
1.197617e+000 5.941937e-001
1.197617e+000 5.942927e-001
1.197617e+000 5.943257e-001
1.197617e+000 5.943060e-001
1.197617e+000 5.942533e-001
1.197617e+000 5.941880e-001
1.197617e+000 5.941270e-001
1.197617e+000 5.940812e-001
1.197617e+000 5.940552e-001
1.197617e+000 5.940483e-001
1.197617e+000 5.940561e-001
1.197617e+000 5.940726e-001
1.197617e+000 5.940919e-001
1.197617e+000 5.941094e-001
1.197617e+000 5.941220e-001
1.197617e+000 5.941288e-001
1.197617e+000 5.941300e-001
1.197617e+000 5.941272e-001
-1.643649e+000 5.941221e-001
-1.643649e+000 2.839444e-001
-1.643649e+000 3.259047e-002
-1.643649e+000 -9.887234e-002
-1.643649e+000 -5.607636e-001
-1.643649e+000 -1.347334e+000
-1.643649e+000 -1.969748e+000
-1.643649e+000 -2.081432e+000
-1.643649e+000 -1.757567e+000
-1.643649e+000 -1.282353e+000
-1.643649e+000 -8.740965e-001
-1.643649e+000 -6.049684e-001
-1.643649e+000 -4.586546e-001
-1.643649e+000 -3.982842e-001
-1.643649e+000 -3.956562e-001
-1.643649e+000 -4.328461e-001
-1.643649e+000 -4.954916e-001
-1.643649e+000 -5.680045e-001
-1.643649e+000 -6.339781e-001
-1.643649e+000 -6.803709e-001
-1.643649e+000 -7.014402e-001
-1.643649e+000 -6.993539e-001
-1.643649e+000 -6.815151e-001
-1.643649e+000 -6.567657e-001
-1.643649e+000 -6.325096e-001
-1.643649e+000 -6.134654e-001
-1.643649e+000 -6.016807e-001
-1.643649e+000 -5.971410e-001
-1.643649e+000 -5.984983e-001
-1.643649e+000 -6.037265e-001
-1.643649e+000 -6.106652e-001
-1.643649e+000 -6.174414e-001
-1.643649e+000 -6.227465e-001
-1.643649e+000 -6.259428e-001
-1.643649e+000 -6.270081e-001
-1.643649e+000 -6.263629e-001
-1.643649e+000 -6.246516e-001
-1.643649e+000 -6.225403e-001
-1.643649e+000 -6.205733e-001
-1.643649e+000 -6.191001e-001
-1.643649e+000 -6.182656e-001
-1.643649e+000 -6.180439e-001
-1.643649e+000 -6.182951e-001
-1.643649e+000 -6.188273e-001
-1.643649e+000 -6.194502e-001
-1.643649e+000 -6.200121e-001
-1.643649e+000 -6.204188e-001
-1.643649e+000 -6.206354e-001
-1.643649e+000 -6.206756e-001
-1.643649e+000 -6.205841e-001
1.939681e-001 -6.204189e-001
1.939681e-001 -3.603747e-001
1.939681e-001 -8.977097e-002
1.939681e-001 1.090854e-002
1.939681e-001 1.272703e-001
1.939681e-001 3.402003e-001
1.939681e-001 5.215542e-001
1.939681e-001 5.548950e-001
1.939681e-001 4.586920e-001
1.939681e-001 3.216947e-001
1.939681e-001 2.091617e-001
1.939681e-001 1.384895e-001
1.939681e-001 1.015062e-001
1.939681e-001 8.655435e-002
1.939681e-001 8.591060e-002
1.939681e-001 9.510259e-002
1.939681e-001 1.107318e-001
1.939681e-001 1.290649e-001
1.939681e-001 1.459701e-001
1.939681e-001 1.579824e-001
1.939681e-001 1.634698e-001
1.939681e-001 1.629237e-001
1.939681e-001 1.582754e-001
1.939681e-001 1.518519e-001
1.939681e-001 1.455852e-001
1.939681e-001 1.406850e-001
1.939681e-001 1.376618e-001
1.939681e-001 1.364994e-001
1.939681e-001 1.368474e-001
1.939681e-001 1.381874e-001
1.939681e-001 1.399677e-001
1.939681e-001 1.417084e-001
1.939681e-001 1.430727e-001
1.939681e-001 1.438952e-001
1.939681e-001 1.441694e-001
1.939681e-001 1.440031e-001
1.939681e-001 1.435625e-001
1.939681e-001 1.430191e-001
1.939681e-001 1.425131e-001
1.939681e-001 1.421343e-001
1.939681e-001 1.419198e-001
1.939681e-001 1.418628e-001
1.939681e-001 1.419274e-001
1.939681e-001 1.420643e-001
1.939681e-001 1.422245e-001
1.939681e-001 1.423689e-001
1.939681e-001 1.424735e-001
1.939681e-001 1.425292e-001
1.939681e-001 1.425396e-001
1.939681e-001 1.425160e-001
2.212836e-002 1.424735e-001
2.212836e-002 1.138102e-001
2.212836e-002 6.938094e-002
2.212836e-002 3.434287e-002
2.212836e-002 1.204896e-002
2.212836e-002 -1.647250e-003
2.212836e-002 -8.745661e-003
2.212836e-002 -9.865008e-003
2.212836e-002 -6.497813e-003
2.212836e-002 -7.770397e-004
2.212836e-002 5.474314e-003
2.212836e-002 1.097793e-002
2.212836e-002 1.488783e-002
2.212836e-002 1.681972e-002
2.212836e-002 1.690821e-002
2.212836e-002 1.568203e-002
2.212836e-002 1.380920e-002
2.212836e-002 1.187839e-002
2.212836e-002 1.029366e-002
2.212836e-002 9.259061e-003
2.212836e-002 8.808319e-003
2.212836e-002 8.852846e-003
2.212836e-002 9.235264e-003
2.212836e-002 9.779312e-003
2.212836e-002 1.032892e-002
2.212836e-002 1.077263e-002
2.212836e-002 1.105287e-002
2.212836e-002 1.116196e-002
2.212836e-002 1.112913e-002
2.212836e-002 1.100359e-002
2.212836e-002 1.083841e-002
2.212836e-002 1.067862e-002
2.212836e-002 1.055456e-002
2.212836e-002 1.048024e-002
2.212836e-002 1.045557e-002
2.212836e-002 1.047056e-002
2.212836e-002 1.051032e-002
2.212836e-002 1.055948e-002
2.212836e-002 1.060540e-002
2.212836e-002 1.063987e-002
2.212836e-002 1.065941e-002
2.212836e-002 1.066460e-002
2.212836e-002 1.065870e-002
2.212836e-002 1.064622e-002
2.212836e-002 1.063163e-002
2.212836e-002 1.061849e-002
2.212836e-002 1.060898e-002
2.212836e-002 1.060392e-002
2.212836e-002 1.060298e-002
2.212836e-002 1.060512e-002
1.911278e+000 1.060898e-002
1.911278e+000 3.316361e-002
1.911278e+000 1.089237e-001
1.911278e+000 2.942145e-001
1.911278e+000 5.993368e-001
1.911278e+000 9.254198e-001
1.911278e+000 1.137363e+000
1.911278e+000 1.173027e+000
1.911278e+000 1.067806e+000
1.911278e+000 9.016022e-001
1.911278e+000 7.415243e-001
1.911278e+000 6.208973e-001
1.911278e+000 5.466551e-001
1.911278e+000 5.133068e-001
1.911278e+000 5.118125e-001
1.911278e+000 5.326391e-001
1.911278e+000 5.661439e-001
1.911278e+000 6.028876e-001
1.911278e+000 6.347619e-001
1.911278e+000 6.564230e-001
1.911278e+000 6.660759e-001
1.911278e+000 6.651238e-001
1.911278e+000 6.569473e-001
1.911278e+000 6.454700e-001
1.911278e+000 6.340625e-001
1.911278e+000 6.249896e-001
1.911278e+000 6.193216e-001
1.911278e+000 6.171270e-001
1.911278e+000 6.177842e-001
1.911278e+000 6.203094e-001
1.911278e+000 6.236477e-001
1.911278e+000 6.268938e-001
1.911278e+000 6.294256e-001
1.911278e+000 6.309470e-001
1.911278e+000 6.314534e-001
1.911278e+000 6.311466e-001
1.911278e+000 6.303325e-001
1.911278e+000 6.293270e-001
1.911278e+000 6.283891e-001
1.911278e+000 6.276859e-001
1.911278e+000 6.272874e-001
1.911278e+000 6.271814e-001
1.911278e+000 6.273015e-001
1.911278e+000 6.275558e-001
1.911278e+000 6.278532e-001
1.911278e+000 6.281214e-001
1.911278e+000 6.283155e-001
1.911278e+000 6.284188e-001
1.911278e+000 6.284380e-001
1.911278e+000 6.283944e-001
-2.148012e+000 6.283155e-001
-2.148012e+000 3.001886e-001
-2.148012e+000 3.466947e-002
-2.148012e+000 -9.862511e-002
-2.148012e+000 -5.719851e-001
-2.148012e+000 -1.384483e+000
-2.148012e+000 -2.029132e+000
-2.148012e+000 -2.144851e+000
-2.148012e+000 -1.809157e+000
-2.148012e+000 -1.317105e+000
-2.148012e+000 -8.950720e-001
-2.148012e+000 -6.174310e-001
-2.148012e+000 -4.668009e-001
-2.148012e+000 -4.047457e-001
-2.148012e+000 -4.020506e-001
-2.148012e+000 -4.402771e-001
-2.148012e+000 -5.047181e-001
-2.148012e+000 -5.793776e-001
-2.148012e+000 -6.473572e-001
-2.148012e+000 -6.951859e-001
-2.148012e+000 -7.169123e-001
-2.148012e+000 -7.147584e-001
-2.148012e+000 -6.963596e-001
-2.148012e+000 -6.708397e-001
-2.148012e+000 -6.458349e-001
-2.148012e+000 -6.262073e-001
-2.148012e+000 -6.140640e-001
-2.148012e+000 -6.093869e-001
-2.148012e+000 -6.107860e-001
-2.148012e+000 -6.161736e-001
-2.148012e+000 -6.233240e-001
-2.148012e+000 -6.303073e-001
-2.148012e+000 -6.357747e-001
-2.148012e+000 -6.390689e-001
-2.148012e+000 -6.401666e-001
-2.148012e+000 -6.395015e-001
-2.148012e+000 -6.377376e-001
-2.148012e+000 -6.355615e-001
-2.148012e+000 -6.335342e-001
-2.148012e+000 -6.320160e-001
-2.148012e+000 -6.311560e-001
-2.148012e+000 -6.309276e-001
-2.148012e+000 -6.311865e-001
-2.148012e+000 -6.317351e-001
-2.148012e+000 -6.323770e-001
-2.148012e+000 -6.329561e-001
-2.148012e+000 -6.333752e-001
-2.148012e+000 -6.335985e-001
-2.148012e+000 -6.336398e-001
-2.148012e+000 -6.335456e-001
-1.630789e+000 -6.333753e-001
-1.630789e+000 -6.313828e-001
-1.630789e+000 -6.276238e-001
-1.630789e+000 -6.233950e-001
-1.630789e+000 -6.196880e-001
-1.630789e+000 -6.170837e-001
-1.630789e+000 -6.157657e-001
-1.630789e+000 -6.156077e-001
-1.630789e+000 -6.162927e-001
-1.630789e+000 -6.174320e-001
-1.630789e+000 -6.186627e-001
-1.630789e+000 -6.197115e-001
-1.630789e+000 -6.204228e-001
-1.630789e+000 -6.207551e-001
-1.630789e+000 -6.207552e-001
-1.630789e+000 -6.205228e-001
-1.630789e+000 -6.201743e-001
-1.630789e+000 -6.198143e-001
-1.630789e+000 -6.195182e-001
-1.630789e+000 -6.193261e-001
-1.630789e+000 -6.192451e-001
-1.630789e+000 -6.192580e-001
-1.630789e+000 -6.193342e-001
-1.630789e+000 -6.194394e-001
-1.630789e+000 -6.195439e-001
-1.630789e+000 -6.196269e-001
-1.630789e+000 -6.196784e-001
-1.630789e+000 -6.196974e-001
-1.630789e+000 -6.196900e-001
-1.630789e+000 -6.196655e-001
-1.630789e+000 -6.196339e-001
-1.630789e+000 -6.196038e-001
-1.630789e+000 -6.195806e-001
-1.630789e+000 -6.195670e-001
-1.630789e+000 -6.195627e-001
-1.630789e+000 -6.195659e-001
-1.630789e+000 -6.195737e-001
-1.630789e+000 -6.195831e-001
-1.630789e+000 -6.195917e-001
-1.630789e+000 -6.195982e-001
-1.630789e+000 -6.196017e-001
-1.630789e+000 -6.196026e-001
-1.630789e+000 -6.196014e-001
-1.630789e+000 -6.195989e-001
-1.630789e+000 -6.195962e-001
-1.630789e+000 -6.195937e-001
-1.630789e+000 -6.195919e-001
-1.630789e+000 -6.195910e-001
-1.630789e+000 -6.195909e-001
-1.630789e+000 -6.195913e-001
1.337665e+000 -6.195920e-001
1.337665e+000 -2.980189e-001
1.337665e+000 -3.551368e-002
1.337665e+000 9.420049e-002
1.337665e+000 5.463943e-001
1.337665e+000 1.323983e+000
1.337665e+000 1.941690e+000
1.337665e+000 2.052668e+000
1.337665e+000 1.730968e+000
1.337665e+000 1.259595e+000
1.337665e+000 8.555563e-001
1.337665e+000 5.899470e-001
1.337665e+000 4.459329e-001
1.337665e+000 3.866231e-001
1.337665e+000 3.840427e-001
1.337665e+000 4.205675e-001
1.337665e+000 4.821560e-001
1.337665e+000 5.535305e-001
1.337665e+000 6.185360e-001
1.337665e+000 6.642818e-001
1.337665e+000 6.850657e-001
1.337665e+000 6.830076e-001
1.337665e+000 6.654108e-001
1.337665e+000 6.410031e-001
1.337665e+000 6.170891e-001
1.337665e+000 5.983187e-001
1.337665e+000 5.867058e-001
1.337665e+000 5.822327e-001
1.337665e+000 5.835700e-001
1.337665e+000 5.887215e-001
1.337665e+000 5.955590e-001
1.337665e+000 6.022369e-001
1.337665e+000 6.074655e-001
1.337665e+000 6.106160e-001
1.337665e+000 6.116660e-001
1.337665e+000 6.110301e-001
1.337665e+000 6.093434e-001
1.337665e+000 6.072624e-001
1.337665e+000 6.053237e-001
1.337665e+000 6.038717e-001
1.337665e+000 6.030493e-001
1.337665e+000 6.028308e-001
1.337665e+000 6.030784e-001
1.337665e+000 6.036029e-001
1.337665e+000 6.042168e-001
1.337665e+000 6.047705e-001
1.337665e+000 6.051714e-001
1.337665e+000 6.053849e-001
1.337665e+000 6.054245e-001
1.337665e+000 6.053343e-001
2.128571e+000 6.051715e-001
2.128571e+000 6.086518e-001
2.128571e+000 6.158628e-001
2.128571e+000 6.243045e-001
2.128571e+000 6.319436e-001
2.128571e+000 6.374793e-001
2.128571e+000 6.404091e-001
2.128571e+000 6.409114e-001
2.128571e+000 6.396104e-001
2.128571e+000 6.373123e-001
2.128571e+000 6.347807e-001
2.128571e+000 6.325936e-001
2.128571e+000 6.310835e-001
2.128571e+000 6.303470e-001
2.128571e+000 6.302980e-001
2.128571e+000 6.307400e-001
2.128571e+000 6.314376e-001
2.128571e+000 6.321752e-001
2.128571e+000 6.327932e-001
2.128571e+000 6.332038e-001
2.128571e+000 6.333869e-001
2.128571e+000 6.333740e-001
2.128571e+000 6.332265e-001
2.128571e+000 6.330143e-001
2.128571e+000 6.327993e-001
2.128571e+000 6.326254e-001
2.128571e+000 6.325149e-001
2.128571e+000 6.324710e-001
2.128571e+000 6.324824e-001
2.128571e+000 6.325303e-001
2.128571e+000 6.325941e-001
2.128571e+000 6.326563e-001
2.128571e+000 6.327050e-001
2.128571e+000 6.327344e-001
2.128571e+000 6.327445e-001
2.128571e+000 6.327391e-001
2.128571e+000 6.327238e-001
2.128571e+000 6.327047e-001
2.128571e+000 6.326868e-001
2.128571e+000 6.326733e-001
2.128571e+000 6.326655e-001
2.128571e+000 6.326633e-001
2.128571e+000 6.326655e-001
2.128571e+000 6.326703e-001
2.128571e+000 6.326760e-001
2.128571e+000 6.326811e-001
2.128571e+000 6.326849e-001
2.128571e+000 6.326869e-001
2.128571e+000 6.326873e-001
2.128571e+000 6.326865e-001
-1.097190e-001 6.326850e-001
-1.097190e-001 3.958240e-001
-1.097190e-001 1.245065e-001
-1.097190e-001 1.104867e-002
-1.097190e-001 -5.695958e-002
-1.097190e-001 -1.635975e-001
-1.097190e-001 -2.569635e-001
-1.097190e-001 -2.743940e-001
-1.097190e-001 -2.243816e-001
-1.097190e-001 -1.542679e-001
-1.097190e-001 -9.776632e-002
-1.097190e-001 -6.260159e-002
-1.097190e-001 -4.399368e-002
-1.097190e-001 -3.630355e-002
-1.097190e-001 -3.596695e-002
-1.097190e-001 -4.071361e-002
-1.097190e-001 -4.866766e-002
-1.097190e-001 -5.788223e-002
-1.097190e-001 -6.632012e-002
-1.097190e-001 -7.229900e-002
-1.097190e-001 -7.502845e-002
-1.097190e-001 -7.475778e-002
-1.097190e-001 -7.244701e-002
-1.097190e-001 -6.925174e-002
-1.097190e-001 -6.613157e-002
-1.097190e-001 -6.368922e-002
-1.097190e-001 -6.218092e-002
-1.097190e-001 -6.160047e-002
-1.097190e-001 -6.177398e-002
-1.097190e-001 -6.244259e-002
-1.097190e-001 -6.333061e-002
-1.097190e-001 -6.419860e-002
-1.097190e-001 -6.487869e-002
-1.097190e-001 -6.528868e-002
-1.097190e-001 -6.542536e-002
-1.097190e-001 -6.534258e-002
-1.097190e-001 -6.512304e-002
-1.097190e-001 -6.485225e-002
-1.097190e-001 -6.460004e-002
-1.097190e-001 -6.441119e-002
-1.097190e-001 -6.430424e-002
-1.097190e-001 -6.427582e-002
-1.097190e-001 -6.430801e-002
-1.097190e-001 -6.437623e-002
-1.097190e-001 -6.445607e-002
-1.097190e-001 -6.452809e-002
-1.097190e-001 -6.458023e-002
-1.097190e-001 -6.460800e-002
-1.097190e-001 -6.461315e-002
-1.097190e-001 -6.460143e-002
9.526165e-001 -6.458024e-002
9.526165e-001 -2.446753e-002
9.526165e-001 3.342259e-002
9.526165e-001 1.850750e-001
9.526165e-001 5.285607e-001
9.526165e-001 9.638851e-001
9.526165e-001 1.269930e+000
9.526165e-001 1.322782e+000
9.526165e-001 1.167813e+000
9.526165e-001 9.303823e-001
9.526165e-001 7.119246e-001
9.526165e-001 5.555555e-001
9.526165e-001 4.636254e-001
9.526165e-001 4.235704e-001
9.526165e-001 4.217989e-001
9.526165e-001 4.467022e-001
9.526165e-001 4.874198e-001
9.526165e-001 5.329475e-001
9.526165e-001 5.731338e-001
9.526165e-001 6.007895e-001
9.526165e-001 6.131996e-001
9.526165e-001 6.119715e-001
9.526165e-001 6.014579e-001
9.526165e-001 5.867654e-001
9.526165e-001 5.722390e-001
9.526165e-001 5.607410e-001
9.526165e-001 5.535834e-001
9.526165e-001 5.508178e-001
9.526165e-001 5.516462e-001
9.526165e-001 5.548307e-001
9.526165e-001 5.590463e-001
9.526165e-001 5.631519e-001
9.526165e-001 5.663584e-001
9.526165e-001 5.682870e-001
9.526165e-001 5.689290e-001
9.526165e-001 5.685398e-001
9.526165e-001 5.675074e-001
9.526165e-001 5.662329e-001
9.526165e-001 5.650446e-001
9.526165e-001 5.641542e-001
9.526165e-001 5.636496e-001
9.526165e-001 5.635155e-001
9.526165e-001 5.636675e-001
9.526165e-001 5.639895e-001
9.526165e-001 5.643661e-001
9.526165e-001 5.647058e-001
9.526165e-001 5.649516e-001
9.526165e-001 5.650825e-001
9.526165e-001 5.651067e-001
9.526165e-001 5.650514e-001
6.248650e-001 5.649516e-001
6.248650e-001 5.527930e-001
6.248650e-001 5.291650e-001
6.248650e-001 5.029480e-001
6.248650e-001 4.804110e-001
6.248650e-001 4.647800e-001
6.248650e-001 4.568104e-001
6.248650e-001 4.556070e-001
6.248650e-001 4.593480e-001
6.248650e-001 4.658559e-001
6.248650e-001 4.730546e-001
6.248650e-001 4.793125e-001
6.248650e-001 4.836425e-001
6.248650e-001 4.857317e-001
6.248650e-001 4.858198e-001
6.248650e-001 4.844885e-001
6.248650e-001 4.824351e-001
6.248650e-001 4.802914e-001
6.248650e-001 4.785139e-001
6.248650e-001 4.773465e-001
6.248650e-001 4.768374e-001
6.248650e-001 4.768899e-001
6.248650e-001 4.773252e-001
6.248650e-001 4.779417e-001
6.248650e-001 4.785621e-001
6.248650e-001 4.790613e-001
6.248650e-001 4.793755e-001
6.248650e-001 4.794973e-001
6.248650e-001 4.794599e-001
6.248650e-001 4.793186e-001
6.248650e-001 4.791328e-001
6.248650e-001 4.789531e-001
6.248650e-001 4.788136e-001
6.248650e-001 4.787302e-001
6.248650e-001 4.787026e-001
6.248650e-001 4.787196e-001
6.248650e-001 4.787645e-001
6.248650e-001 4.788199e-001
6.248650e-001 4.788716e-001
6.248650e-001 4.789103e-001
6.248650e-001 4.789322e-001
6.248650e-001 4.789380e-001
6.248650e-001 4.789313e-001
6.248650e-001 4.789173e-001
6.248650e-001 4.789008e-001
6.248650e-001 4.788861e-001
6.248650e-001 4.788754e-001
6.248650e-001 4.788697e-001
6.248650e-001 4.788686e-001
6.248650e-001 4.788711e-001
2.106590e+000 4.788754e-001
2.106590e+000 4.975787e-001
2.106590e+000 5.365629e-001
2.106590e+000 5.840738e-001
2.106590e+000 6.289142e-001
2.106590e+000 6.624394e-001
2.106590e+000 6.803860e-001
2.106590e+000 6.831986e-001
2.106590e+000 6.747405e-001
2.106590e+000 6.602687e-001
2.106590e+000 6.446671e-001
2.106590e+000 6.314444e-001
2.106590e+000 6.224715e-001
2.106590e+000 6.181849e-001
2.106590e+000 6.179888e-001
2.106590e+000 6.206913e-001
2.106590e+000 6.248994e-001
2.106590e+000 6.293342e-001
2.106590e+000 6.330432e-001
2.106590e+000 6.354966e-001
2.106590e+000 6.365733e-001
2.106590e+000 6.364675e-001
2.106590e+000 6.355552e-001
2.106590e+000 6.342625e-001
2.106590e+000 6.329630e-001
2.106590e+000 6.319188e-001
2.106590e+000 6.312616e-001
2.106590e+000 6.310061e-001
2.106590e+000 6.310827e-001
2.106590e+000 6.313765e-001
2.106590e+000 6.317636e-001
2.106590e+000 6.321388e-001
2.106590e+000 6.324306e-001
2.106590e+000 6.326056e-001
2.106590e+000 6.326638e-001
2.106590e+000 6.326285e-001
2.106590e+000 6.325349e-001
2.106590e+000 6.324193e-001
2.106590e+000 6.323112e-001
2.106590e+000 6.322302e-001
2.106590e+000 6.321842e-001
2.106590e+000 6.321720e-001
2.106590e+000 6.321859e-001
2.106590e+000 6.322152e-001
2.106590e+000 6.322495e-001
2.106590e+000 6.322804e-001
2.106590e+000 6.323028e-001
2.106590e+000 6.323147e-001
2.106590e+000 6.323169e-001
2.106590e+000 6.323118e-001
4.658512e-001 6.323028e-001
4.658512e-001 5.957621e-001
4.658512e-001 5.272972e-001
4.658512e-001 4.558303e-001
4.658512e-001 3.983307e-001
4.658512e-001 3.606331e-001
4.658512e-001 3.420871e-001
4.658512e-001 3.392769e-001
4.658512e-001 3.478056e-001
4.658512e-001 3.629506e-001
4.658512e-001 3.800987e-001
4.658512e-001 3.953380e-001
4.658512e-001 4.060672e-001
4.658512e-001 4.113075e-001
4.658512e-001 4.115491e-001
4.658512e-001 4.082343e-001
4.658512e-001 4.031323e-001
4.658512e-001 3.978324e-001
4.658512e-001 3.934596e-001
4.658512e-001 3.905967e-001
4.658512e-001 3.893475e-001
4.658512e-001 3.894701e-001
4.658512e-001 3.905285e-001
4.658512e-001 3.920339e-001
4.658512e-001 3.935536e-001
4.658512e-001 3.947795e-001
4.658512e-001 3.955533e-001
4.658512e-001 3.958546e-001
4.658512e-001 3.957643e-001
4.658512e-001 3.954180e-001
4.658512e-001 3.949621e-001
4.658512e-001 3.945209e-001
4.658512e-001 3.941782e-001
4.658512e-001 3.939728e-001
4.658512e-001 3.939045e-001
4.658512e-001 3.939459e-001
4.658512e-001 3.940557e-001
4.658512e-001 3.941915e-001
4.658512e-001 3.943183e-001
4.658512e-001 3.944135e-001
4.658512e-001 3.944675e-001
4.658512e-001 3.944819e-001
4.658512e-001 3.944656e-001
4.658512e-001 3.944312e-001
4.658512e-001 3.943909e-001
4.658512e-001 3.943546e-001
4.658512e-001 3.943283e-001
4.658512e-001 3.943143e-001
4.658512e-001 3.943117e-001
4.658512e-001 3.943176e-001
-4.383450e-001 3.943283e-001
